979 627 229 123 123
878 569 185 124 124
169 98 51 20 20
650 390 176 84 84
375 225 101 49 49
747 528 123 96 96
593 357 159 77 77
768 451 227 90 90
637 396 152 89 89
981 618 239 124 124
562 407 90 65 65
239 183 25 31 31
216 126 61 29 29
174 104 45 25 25
409 244 113 52 52
292 183 64 45 45
571 384 109 78 78
118 71 30 17 17
808 485 219 104 104
536 331 133 72 72
534 303 160 71 71
253 174 56 23 23
760 440 231 89 89
638 375 180 83 83
332 245 46 41 41
375 275 54 46 46
470 343 65 62 62
332 245 46 41 41
332 245 46 41 41
388 285 56 47 47
856 513 230 113 113
540 378 97 65 65
486 348 79 59 59
671 458 135 78 78
548 393 79 76 76
125 85 27 13 13
317 182 92 43 43
994 691 156 147 147
317 238 44 35 35
243 149 56 38 38
126 80 28 18 18
658 429 156 73 73
828 527 205 96 96
162 95 48 19 19
964 676 146 142 142
440 304 74 62 62
430 288 79 63 63
423 279 77 67 67
433 290 81 62 62
258 157 68 33 33
743 451 202 90 90
794 488 206 100 100
233 169 32 32 32
690 419 187 84 84
788 470 216 102 102
863 565 195 103 103
348 203 105 40 40
329 247 45 37 37
886 633 134 119 119
760 535 122 103 103
987 569 290 128 128
785 471 207 107 107
291 167 89 35 35
291 167 89 35 35
291 167 89 35 35
291 167 89 35 35
291 167 89 35 35
290 209 40 41 41
228 165 33 30 30
331 225 69 37 37
522 318 139 65 65
839 626 110 103 103
713 426 197 90 90
734 442 196 96 96
801 481 222 98 98
769 472 185 112 112
763 464 191 108 108
846 556 197 93 93
402 242 114 46 46
877 532 232 113 113
689 419 176 94 94
140 90 34 16 16
166 133 10 23 23
763 449 225 89 89
948 645 172 131 131
336 250 35 51 51
222 133 60 29 29
284 162 86 36 36
284 162 86 36 36
284 162 86 36 36
489 336 89 64 64
284 162 86 36 36
284 162 86 36 36
284 162 86 36 36
454 259 139 56 56
732 518 133 81 81
200 151 26 23 23
600 361 156 83 83
800 481 214 105 105
767 534 113 120 120
230 161 42 27 27
431 305 70 56 56
982 636 198 148 148
793 506 182 105 105
910 559 230 121 121
972 630 208 134 134
766 512 156 98 98
800 540 167 93 93
782 525 163 94 94
969 585 257 127 127
175 130 28 17 17
271 154 82 35 35
907 549 242 116 116
325 197 86 42 42
941 580 230 131 131
536 379 77 80 80
867 505 263 99 99
584 420 102 62 62
234 141 63 30 30
291 164 91 36 36
217 166 25 26 26
703 469 129 105 105
124 91 17 16 16
669 393 196 80 80
603 409 116 78 78
650 478 67 105 105
229 168 38 23 23
229 168 38 23 23
229 163 45 21 21
229 163 45 21 21
229 168 38 23 23
229 139 55 35 35
229 140 55 34 34
533 361 90 82 82
927 557 247 123 123
891 644 143 104 104
385 288 51 46 46
386 234 91 61 61
386 234 91 61 61
385 288 51 46 46
386 234 91 61 61
386 234 91 61 61
391 236 92 63 63
388 241 94 53 53
278 201 45 32 32
188 133 35 20 20
841 610 135 96 96
743 454 203 86 86
736 449 202 85 85
758 465 200 93 93
737 455 192 90 90
173 123 31 19 19
782 557 110 115 115
809 511 203 95 95
721 435 196 90 90
615 446 88 81 81
615 376 160 79 79
263 146 87 30 30
410 241 116 53 53
240 162 50 28 28
790 473 212 105 105
791 508 174 109 109
503 374 75 54 54
807 523 194 90 90
835 491 231 113 113
169 132 21 16 16
230 125 75 30 30
910 551 232 127 127
767 448 224 95 95
256 144 83 29 29
748 512 142 94 94
638 371 184 83 83
838 485 252 101 101
503 293 133 77 77
700 473 148 79 79
469 274 130 65 65
557 320 168 69 69
459 265 132 62 62
544 314 161 69 69
461 266 132 63 63
561 345 141 75 75
471 336 82 53 53
195 132 39 24 24
737 507 126 104 104
540 375 100 65 65
550 329 152 69 69
415 232 132 51 51
406 225 129 52 52
522 310 140 72 72
411 228 131 52 52
703 471 143 89 89
463 271 126 66 66
144 104 20 20 20
452 279 113 60 60
854 502 248 104 104
194 111 57 26 26
982 690 166 126 126
336 248 50 38 38
196 108 59 29 29
519 315 132 72 72
622 372 168 82 82
985 732 145 108 108
165 92 52 21 21
392 261 92 39 39
900 642 137 121 121
754 554 117 83 83
143 86 34 23 23
637 436 115 86 86
319 186 92 41 41
355 229 92 34 34
251 142 75 34 34
384 226 100 58 58
511 317 128 66 66
750 476 183 91 91
884 522 252 110 110
545 353 123 69 69
578 381 124 73 73
435 266 107 62 62
910 650 146 114 114
768 473 202 93 93
757 573 86 98 98
783 590 90 103 103
775 486 194 95 95
252 143 75 34 34
250 161 59 30 30
754 486 168 100 100
971 698 155 118 118
138 111 16 11 11
493 368 71 54 54
792 593 110 89 89
932 689 138 105 105
778 583 109 86 86
880 651 117 112 112
760 444 221 95 95
566 327 168 71 71
597 356 162 79 79
391 229 106 56 56
195 106 67 22 22
443 323 48 72 72
239 148 58 33 33
354 214 92 48 48
296 171 85 40 40
279 165 72 42 42
779 461 218 100 100
751 444 214 93 93
688 411 190 87 87
285 177 63 45 45
278 171 63 44 44
510 305 143 62 62
210 135 45 30 30
348 277 32 39 39
253 184 40 29 29
507 331 110 66 66
984 665 193 126 126
990 669 204 117 117
846 509 228 109 109
979 654 181 144 144
773 462 210 101 101
386 261 73 52 52
263 175 57 31 31
590 370 146 74 74
451 273 119 59 59
841 505 225 111 111
133 96 24 13 13
133 96 24 13 13
147 89 35 23 23
147 89 35 23 23
293 210 47 36 36
811 486 223 102 102
637 463 88 86 86
469 334 87 48 48
882 632 157 93 93
579 334 180 65 65
345 202 97 46 46
677 424 160 93 93
459 285 116 58 58
727 517 106 104 104
323 190 92 41 41
517 396 59 62 62
368 228 85 55 55
515 306 141 68 68
515 306 141 68 68
515 351 84 80 80
515 343 97 75 75
515 348 90 77 77
256 150 72 34 34
984 699 139 146 146
330 201 84 45 45
795 475 217 103 103
403 304 54 45 45
379 227 105 47 47
776 480 192 104 104
798 489 196 113 113
979 682 178 119 119
787 483 193 111 111
823 576 147 100 100
846 506 233 107 107
181 101 58 22 22
402 275 85 42 42
934 584 218 132 132
483 329 99 55 55
326 237 45 44 44
490 345 86 59 59
241 178 43 20 20
325 190 95 40 40
356 219 88 49 49
651 436 136 79 79
452 263 126 63 63
668 374 212 82 82
507 357 87 63 63
505 356 85 64 64
864 533 212 119 119
253 186 40 27 27
502 349 99 54 54
890 578 206 106 106
781 478 197 106 106
484 321 94 69 69
988 603 250 135 135
593 432 89 72 72
374 271 55 48 48
935 561 252 122 122
242 174 43 25 25
843 507 229 107 107
939 611 203 125 125
869 534 222 113 113
875 542 210 123 123
438 268 101 69 69
787 460 238 89 89
869 525 241 103 103
336 230 56 50 50
778 463 216 99 99
499 329 106 64 64
234 170 38 26 26
366 268 57 41 41
964 578 261 125 125
440 260 125 55 55
156 112 20 24 24
776 459 223 94 94
930 575 233 122 122
894 548 226 120 120
683 466 123 94 94
293 219 40 34 34
746 473 175 98 98
692 428 170 94 94
695 419 193 83 83
215 147 38 30 30
987 728 128 131 131
635 380 167 88 88
342 252 39 51 51
411 227 132 52 52
249 152 60 37 37
811 480 231 100 100
895 542 226 127 127
444 293 84 67 67
379 266 64 49 49
236 159 51 26 26
992 743 133 116 116
990 661 207 122 122
258 172 59 27 27
180 102 52 26 26
352 215 84 53 53
217 125 65 27 27
852 602 138 112 112
397 236 112 49 49
334 202 85 47 47
351 239 57 55 55
778 537 139 102 102
442 255 139 48 48
825 505 215 105 105
355 252 59 44 44
740 454 180 106 106
616 434 102 80 80
754 483 171 100 100
221 127 67 27 27
290 187 72 31 31
291 170 84 37 37
213 125 63 25 25
808 490 207 111 111
235 132 79 24 24
291 187 67 37 37
430 303 62 65 65
775 594 94 87 87
936 574 239 123 123
190 117 47 26 26
494 296 139 59 59
389 280 68 41 41
331 235 54 42 42
263 154 74 35 35
762 459 207 96 96
652 387 183 82 82
838 595 125 118 118
292 196 63 33 33
492 331 100 61 61
889 568 197 124 124
847 530 201 116 116
411 245 107 59 59
417 295 65 57 57
748 458 194 96 96
892 540 234 118 118
769 493 177 99 99
264 186 39 39 39
157 120 22 15 15
514 312 133 69 69
533 319 143 71 71
688 438 151 99 99
783 480 194 109 109
916 607 187 122 122
706 458 151 97 97
371 222 103 46 46
382 244 83 55 55
787 537 139 111 111
692 466 118 108 108
302 178 86 38 38
994 674 152 168 168
336 215 89 32 32
592 355 161 76 76
781 473 205 103 103
225 164 36 25 25
773 550 103 120 120
952 573 246 133 133
773 551 102 120 120
771 533 137 101 101
343 216 89 38 38
343 217 88 38 38
939 705 123 111 111
939 705 123 111 111
939 701 128 110 110
946 710 125 111 111
939 705 123 111 111
153 89 40 24 24
142 74 54 14 14
716 484 126 106 106
736 499 127 110 110
361 264 47 50 50
136 100 22 14 14
753 464 179 110 110
881 517 258 106 106
590 421 101 68 68
595 404 104 87 87
736 445 190 101 101
668 465 116 87 87
668 465 116 87 87
209 154 31 24 24
600 428 97 75 75
601 429 96 76 76
600 429 95 76 76
600 428 97 75 75
600 428 97 75 75
642 385 169 88 88
642 385 169 88 88
180 136 30 14 14
180 136 30 14 14
191 108 59 24 24
180 136 30 14 14
191 108 59 24 24
191 108 59 24 24
191 108 59 24 24
194 111 61 22 22
401 265 73 63 63
772 460 216 96 96
886 544 221 121 121
725 533 116 76 76
294 175 80 39 39
772 474 191 107 107
514 351 101 62 62
477 339 74 64 64
764 522 135 107 107
506 356 85 65 65
906 550 242 114 114
666 409 169 88 88
724 435 204 85 85
189 115 49 25 25
803 474 234 95 95
215 145 42 28 28
148 86 44 18 18
660 387 190 83 83
535 313 156 66 66
961 695 143 123 123
673 449 138 86 86
781 525 163 93 93
998 586 303 109 109
406 291 59 56 56
341 197 99 45 45
927 625 161 141 141
597 387 127 83 83
229 143 53 33 33
428 324 52 52 52
903 540 254 109 109
578 397 105 76 76
389 266 74 49 49
535 374 81 80 80
462 273 130 59 59
655 392 176 87 87
616 367 171 78 78
292 181 69 42 42
303 197 67 39 39
804 523 168 113 113
593 429 84 80 80
500 307 126 67 67
543 318 164 61 61
849 628 122 99 99
964 588 241 135 135
933 540 288 105 105
222 139 49 34 34
145 77 52 16 16
769 468 200 101 101
586 357 158 71 71
342 228 74 40 40
494 302 123 69 69
210 124 65 21 21
800 483 210 107 107
521 376 81 64 64
525 317 137 71 71
557 387 101 69 69
784 467 212 105 105
550 324 164 62 62
371 229 96 46 46
849 517 224 108 108
759 453 208 98 98
460 272 129 59 59
978 625 231 122 122
787 468 221 98 98
536 321 142 73 73
357 280 54 23 23
611 365 168 78 78
931 563 244 124 124
703 505 123 75 75
712 496 134 82 82
703 476 145 82 82
473 341 71 61 61
473 348 70 55 55
682 468 120 94 94
499 359 72 68 68
283 215 35 33 33
889 531 246 112 112
653 485 83 85 85
662 498 74 90 90
661 489 84 88 88
644 478 83 83 83
655 484 88 83 83
655 485 85 85 85
700 458 120 122 122
447 296 85 66 66
415 293 64 58 58
778 473 202 103 103
196 144 25 27 27
401 247 95 59 59
189 110 59 20 20
988 673 185 130 130
871 507 263 101 101
440 291 94 55 55
999 566 313 120 120
366 240 83 43 43
961 562 282 117 117
964 562 284 118 118
541 317 148 76 76
611 349 192 70 70
275 151 91 33 33
813 479 235 99 99
352 210 94 48 48
768 475 209 84 84
286 208 45 33 33
308 223 51 34 34
733 443 197 93 93
669 402 182 85 85
661 391 183 87 87
699 427 176 96 96
806 536 169 101 101
464 338 64 62 62
897 526 266 105 105
581 344 174 63 63
586 348 169 69 69
529 351 123 55 55
853 500 243 110 110
896 577 215 104 104
799 475 227 97 97
803 562 127 114 114
754 451 205 98 98
711 513 119 79 79
529 402 76 51 51
155 86 50 19 19
392 241 98 53 53
264 182 51 31 31
387 270 75 42 42
272 203 39 30 30
744 437 214 93 93
733 462 179 92 92
759 485 169 105 105
187 117 44 26 26
850 508 238 104 104
799 484 198 117 117
794 471 214 109 109
485 356 69 60 60
482 297 123 62 62
146 91 28 27 27
361 239 65 57 57
951 572 257 122 122
575 344 157 74 74
332 248 53 31 31
470 296 102 72 72
359 210 98 51 51
796 482 221 93 93
418 290 73 55 55
911 645 150 116 116
768 545 135 88 88
639 408 156 75 75
515 340 101 74 74
497 330 82 85 85
493 357 75 61 61
783 463 217 103 103
232 158 47 27 27
243 156 57 30 30
969 575 269 125 125
301 173 94 34 34
636 367 194 75 75
169 127 16 26 26
775 536 129 110 110
207 130 48 29 29
606 412 103 91 91
779 478 194 107 107
605 404 124 77 77
894 580 187 127 127
657 402 167 88 88
321 191 92 38 38
455 271 124 60 60
255 161 51 43 43
166 103 40 23 23
204 114 60 30 30
744 516 141 87 87
819 597 121 101 101
414 248 109 57 57
187 161 10 16 16
986 630 234 122 122
776 488 193 95 95
970 630 210 130 130
396 242 97 57 57
986 592 272 122 122
450 270 121 59 59
276 168 65 43 43
154 95 42 17 17
685 463 138 84 84
800 532 156 112 112
682 418 177 87 87
653 397 164 92 92
323 218 60 45 45
355 256 52 47 47
355 256 52 47 47
355 253 55 47 47
355 253 55 47 47
355 256 52 47 47
354 204 109 41 41
354 203 113 38 38
377 224 107 46 46
201 118 55 28 28
878 518 252 108 108
599 357 167 75 75
177 108 48 21 21
151 101 31 19 19
253 177 44 32 32
571 347 146 78 78
850 609 137 104 104
710 466 139 105 105
685 455 123 107 107
764 445 229 90 90
172 108 39 25 25
106 68 28 10 10
758 512 149 97 97
371 227 91 53 53
177 116 46 15 15
690 496 97 97 97
258 169 56 33 33
991 716 157 118 118
991 716 157 118 118
206 125 51 30 30
223 171 26 26 26
657 458 106 93 93
463 325 72 66 66
723 437 192 94 94
1000 617 257 126 126
267 189 50 28 28
686 391 211 84 84
887 564 207 116 116
700 409 198 93 93
489 319 109 61 61
440 258 128 54 54
412 274 82 56 56
724 415 225 84 84
188 122 41 25 25
918 551 237 130 130
276 159 83 34 34
999 604 263 132 132
999 604 263 132 132
540 324 148 68 68
446 297 93 56 56
280 165 81 34 34
620 379 146 95 95
688 403 200 85 85
889 550 210 129 129
965 582 256 127 127
216 134 47 35 35
720 534 100 86 86
725 537 101 87 87
721 535 100 86 86
726 532 107 87 87
725 531 108 86 86
310 216 57 37 37
643 371 194 78 78
995 601 269 125 125
651 466 114 71 71
575 346 157 72 72
735 421 223 91 91
816 479 237 100 100
874 609 144 121 121
555 410 69 76 76
606 437 81 88 88
862 598 146 118 118
843 583 152 108 108
892 630 157 105 105
318 219 58 41 41
184 110 51 23 23
400 227 127 46 46
157 108 32 17 17
707 501 121 85 85
690 425 167 98 98
274 167 68 39 39
188 108 57 23 23
152 84 48 20 20
588 355 152 81 81
575 422 65 88 88
591 364 140 87 87
637 455 109 73 73
690 491 116 83 83
641 458 110 73 73
641 459 110 72 72
218 151 35 32 32
221 146 43 32 32
626 383 156 87 87
313 193 79 41 41
449 323 72 54 54
239 156 54 29 29
778 491 199 88 88
923 545 257 121 121
928 588 237 103 103
928 592 231 105 105
654 469 113 72 72
291 185 70 36 36
308 211 58 39 39
996 595 269 132 132
924 624 148 152 152
511 353 109 49 49
748 455 202 91 91
569 432 59 78 78
218 141 47 30 30
199 121 46 32 32
100 83 7 10 10
811 472 240 99 99
893 519 265 109 109
899 525 259 115 115
897 508 284 105 105
124 79 31 14 14
499 330 105 64 64
522 307 155 60 60
532 313 159 60 60
885 615 175 95 95
691 451 126 114 114
201 120 57 24 24
630 422 132 76 76
197 145 28 24 24
239 182 32 25 25
859 507 244 108 108
250 153 64 33 33
865 527 226 112 112
257 147 77 33 33
970 641 194 135 135
795 476 218 101 101
671 450 112 109 109
923 666 127 130 130
543 373 101 69 69
748 457 188 103 103
969 590 246 133 133
847 503 230 114 114
228 156 41 31 31
267 208 24 35 35
122 95 14 13 13
124 97 14 13 13
949 609 198 142 142
504 288 153 63 63
268 177 58 33 33
221 134 54 33 33
981 626 227 128 128
503 291 150 62 62
380 229 97 54 54
730 435 195 100 100
463 311 74 78 78
311 192 80 39 39
392 258 91 43 43
457 347 57 53 53
368 222 99 47 47
810 503 183 124 124
728 423 219 86 86
241 157 57 27 27
894 644 161 89 89
257 151 75 31 31
671 494 97 80 80
649 482 86 81 81
640 470 98 72 72
792 480 214 98 98
377 245 87 45 45
340 226 77 37 37
360 214 97 49 49
882 525 246 111 111
101 81 10 10 10
270 172 60 38 38
665 393 190 82 82
921 551 258 112 112
161 99 39 23 23
489 293 132 64 64
332 259 40 33 33
406 245 101 60 60
829 557 170 102 102
621 467 84 70 70
176 105 47 24 24
201 134 44 23 23
746 452 201 93 93
789 467 220 102 102
711 502 97 112 112
842 504 227 111 111
859 508 236 115 115
566 411 88 67 67
303 180 88 35 35
244 151 58 35 35
921 560 232 129 129
796 508 190 98 98
318 227 56 35 35
344 204 91 49 49
638 396 150 92 92
685 400 204 81 81
495 343 90 62 62
538 334 134 70 70
544 341 128 75 75
510 318 120 72 72
577 387 124 66 66
499 303 131 65 65
509 313 125 71 71
176 134 24 18 18
858 522 221 115 115
391 287 67 37 37
400 268 75 57 57
794 483 201 110 110
850 533 214 103 103
814 494 211 109 109
334 209 76 49 49
368 256 71 41 41
892 554 218 120 120
225 135 65 25 25
983 713 156 114 114
733 497 138 98 98
746 444 200 102 102
686 447 148 91 91
578 353 143 82 82
678 459 124 95 95
153 102 32 19 19
523 371 93 59 59
547 400 84 63 63
276 168 74 34 34
811 598 108 105 105
331 228 61 42 42
616 379 155 82 82
390 295 52 43 43
785 458 230 97 97
345 237 63 45 45
188 108 53 27 27
281 184 60 37 37
879 602 160 117 117
187 135 31 21 21
497 335 86 76 76
940 567 245 128 128
464 275 131 58 58
170 133 16 21 21
170 103 45 22 22
650 401 160 89 89
971 589 254 128 128
200 137 40 23 23
143 115 13 15 15
544 357 120 67 67
269 153 81 35 35
190 137 27 26 26
538 365 113 60 60
807 470 232 105 105
783 483 185 115 115
723 512 111 100 100
206 154 29 23 23
399 251 97 51 51
771 551 110 110 110
135 82 32 21 21
623 450 88 85 85
792 467 230 95 95
812 607 98 107 107
205 137 40 28 28
490 293 137 60 60
250 181 35 34 34
220 139 50 31 31
524 379 73 72 72
669 403 180 86 86
611 439 96 76 76
920 585 202 133 133
962 617 202 143 143
881 592 144 145 145
917 616 164 137 137
890 599 149 142 142
873 563 188 122 122
883 528 245 110 110
186 145 17 24 24
443 320 76 47 47
297 211 48 38 38
337 254 52 31 31
318 187 91 40 40
822 547 157 118 118
955 709 140 106 106
183 151 14 18 18
242 178 32 32 32
675 488 82 105 105
443 269 117 57 57
550 332 141 77 77
860 597 135 128 128
312 217 57 38 38
775 467 205 103 103
910 535 267 108 108
906 599 167 140 140
987 604 251 132 132
169 101 42 26 26
183 130 28 25 25
264 194 43 27 27
264 194 43 27 27
264 194 43 27 27
248 150 66 32 32
248 150 66 32 32
477 278 137 62 62
781 457 227 97 97
982 593 266 123 123
976 607 232 137 137
954 639 164 151 151
964 648 164 152 152
950 641 156 153 153
923 610 177 136 136
242 166 54 22 22
388 245 93 50 50
157 98 37 22 22
212 150 41 21 21
335 218 70 47 47
890 648 155 87 87
659 393 177 89 89
522 315 146 61 61
185 118 39 28 28
240 175 42 23 23
833 484 247 102 102
920 675 135 110 110
600 447 86 67 67
601 444 91 66 66
601 447 90 64 64
388 245 84 59 59
942 608 218 116 116
934 564 249 121 121
912 577 221 114 114
659 437 136 86 86
783 535 140 108 108
583 362 145 76 76
624 361 188 75 75
836 505 220 111 111
860 628 130 102 102
451 260 133 58 58
499 299 131 69 69
440 251 132 57 57
550 385 98 67 67
882 632 145 105 105
251 145 79 27 27
824 471 256 97 97
492 294 131 67 67
745 453 185 107 107
484 364 64 56 56
127 103 12 12 12
800 514 181 105 105
312 181 89 42 42
105 70 22 13 13
858 625 117 116 116
235 144 63 28 28
429 264 101 64 64
342 202 97 43 43
445 299 79 67 67
866 645 121 100 100
687 406 195 86 86
561 405 86 70 70
218 136 54 28 28
218 136 54 28 28
218 136 54 28 28
328 224 64 40 40
328 224 64 40 40
574 394 108 72 72
773 462 215 96 96
605 398 135 72 72
