979 669 143 167 167
878 574 175 129 129
169 101 45 23 23
650 396 164 90 90
375 227 97 51 51
747 535 109 103 103
593 363 147 83 83
768 457 215 96 96
637 402 140 95 95
981 629 217 135 135
562 409 86 67 67
239 183 25 31 31
216 128 57 31 31
174 107 39 28 28
409 250 101 58 58
292 187 56 49 49
571 388 101 82 82
118 71 30 17 17
808 491 207 110 110
536 336 123 77 77
534 313 140 81 81
253 174 56 23 23
760 457 197 106 106
638 379 172 87 87
332 245 46 41 41
375 275 54 46 46
470 343 65 62 62
332 245 46 41 41
332 245 46 41 41
388 285 56 47 47
856 522 212 122 122
540 386 81 73 73
486 348 79 59 59
671 462 127 82 82
548 395 75 78 78
125 87 23 15 15
317 190 76 51 51
994 695 148 151 151
317 239 42 36 36
243 154 46 43 43
126 81 26 19 19
658 436 142 80 80
828 544 170 114 114
162 101 36 25 25
964 682 134 148 148
440 305 72 63 63
430 290 75 65 65
423 280 75 68 68
433 291 79 63 63
258 163 56 39 39
743 456 192 95 95
794 494 194 106 106
233 169 32 32 32
690 424 177 89 89
788 481 194 113 113
863 572 181 110 110
348 209 93 46 46
329 248 43 38 38
886 636 128 122 122
760 540 112 108 108
987 576 276 135 135
785 477 195 113 113
291 169 85 37 37
291 169 85 37 37
291 169 85 37 37
291 169 85 37 37
291 169 85 37 37
290 210 38 42 42
228 166 31 31 31
331 228 63 40 40
522 324 127 71 71
839 630 102 107 107
713 437 175 101 101
734 448 184 102 102
801 485 214 102 102
769 475 179 115 115
763 469 181 113 113
846 563 183 100 100
402 247 104 51 51
877 538 220 119 119
689 423 168 98 98
140 92 30 18 18
166 134 8 24 24
763 460 203 100 100
948 652 158 138 138
336 251 33 52 52
222 133 60 29 29
284 164 82 38 38
284 164 82 38 38
284 164 82 38 38
489 341 79 69 69
284 164 82 38 38
284 164 82 38 38
284 164 82 38 38
454 290 74 90 90
732 523 123 86 86
200 152 24 24 24
600 374 130 96 96
800 489 198 113 113
767 538 105 124 124
230 161 42 27 27
431 305 70 56 56
982 643 184 155 155
793 514 166 113 113
910 561 226 123 123
972 635 198 139 139
766 516 148 102 102
800 544 159 97 97
782 528 157 97 97
969 600 227 142 142
175 134 20 21 21
271 159 72 40 40
907 559 222 126 126
325 199 82 44 44
941 588 214 139 139
536 382 71 83 83
867 544 185 138 138
584 429 84 71 71
234 141 63 30 30
291 168 83 40 40
217 166 25 26 26
703 477 113 113 113
124 91 17 16 16
669 396 190 83 83
603 416 102 85 85
650 479 65 106 106
229 170 34 25 25
229 170 34 25 25
229 165 41 23 23
229 165 41 23 23
229 170 34 25 25
229 142 49 38 38
229 144 47 38 38
533 365 82 86 86
927 566 229 132 132
891 650 131 110 110
385 290 47 48 48
386 242 75 69 69
386 242 75 69 69
385 290 47 48 48
386 242 75 69 69
386 242 75 69 69
391 243 78 70 70
388 243 90 55 55
278 202 43 33 33
188 134 33 21 21
841 612 131 98 98
743 467 177 99 99
736 460 180 96 96
758 474 182 102 102
737 463 176 98 98
173 125 27 21 21
782 559 106 117 117
809 517 191 101 101
721 448 170 103 103
615 452 76 87 87
615 387 138 90 90
263 151 77 35 35
410 245 108 57 57
240 165 44 31 31
790 479 200 111 111
791 515 160 116 116
503 375 73 55 55
807 524 192 91 91
835 504 205 126 126
169 132 21 16 16
230 126 73 31 31
910 558 218 134 134
767 462 196 109 109
256 157 57 42 42
748 522 122 104 104
638 376 174 88 88
838 495 232 111 111
503 295 129 79 79
700 478 138 84 84
469 276 126 67 67
557 326 156 75 75
459 269 124 66 66
544 318 153 73 73
461 270 124 67 67
561 347 137 77 77
471 339 76 56 56
195 133 37 25 25
737 513 114 110 110
540 376 98 66 66
550 333 144 73 73
415 232 132 51 51
406 228 123 55 55
522 312 136 74 74
411 230 127 54 54
703 474 137 92 92
463 277 114 72 72
144 105 18 21 21
452 280 111 61 61
854 513 226 115 115
194 114 51 29 29
982 698 150 134 134
336 250 46 40 40
196 111 53 32 32
519 321 120 78 78
622 379 154 89 89
985 736 137 112 112
165 92 52 21 21
392 264 86 42 42
900 650 121 129 129
754 561 103 90 90
143 88 30 25 25
637 443 101 93 93
319 189 86 44 44
355 234 82 39 39
251 145 69 37 37
384 232 88 64 64
511 346 69 96 96
750 483 169 98 98
884 527 242 115 115
545 361 107 77 77
578 384 118 76 76
435 270 99 66 66
910 656 134 120 120
768 487 173 108 108
757 575 82 100 100
783 592 86 105 105
775 495 176 104 104
252 149 63 40 40
250 162 57 31 31
754 494 152 108 108
971 703 145 123 123
138 111 16 11 11
493 371 65 57 57
792 595 106 91 91
932 690 136 106 106
778 584 107 87 87
880 653 113 114 114
760 454 201 105 105
566 342 137 87 87
597 360 154 83 83
391 231 102 58 58
195 107 65 23 23
443 324 46 73 73
239 150 54 35 35
354 216 88 50 50
296 172 83 41 41
279 168 66 45 45
779 469 202 108 108
751 453 196 102 102
688 421 170 97 97
285 178 61 46 46
278 174 57 47 47
510 309 135 66 66
210 137 41 32 32
348 279 28 41 41
253 184 40 29 29
507 334 104 69 69
984 670 183 131 131
990 672 198 120 120
846 524 198 124 124
979 658 173 148 148
773 476 181 116 116
386 270 55 61 61
263 177 53 33 33
590 371 144 75 75
451 275 115 61 61
841 513 209 119 119
133 97 22 14 14
133 97 22 14 14
147 90 33 24 24
147 90 33 24 24
293 211 45 37 37
811 492 211 108 108
637 466 82 89 89
469 336 83 50 50
882 637 147 98 98
579 338 172 69 69
345 205 91 49 49
677 427 154 96 96
459 289 108 62 62
727 519 102 106 106
323 190 92 41 41
517 399 53 65 65
368 236 69 63 63
515 307 139 69 69
515 307 139 69 69
515 356 74 85 85
515 346 91 78 78
515 351 84 80 80
256 150 72 34 34
984 707 123 154 154
330 203 80 47 47
795 484 199 112 112
403 305 52 46 46
379 227 105 47 47
776 487 178 111 111
798 494 186 118 118
979 687 168 124 124
787 487 185 115 115
823 580 139 104 104
846 519 207 120 120
181 102 56 23 23
402 278 79 45 45
934 592 202 140 140
483 329 99 55 55
326 238 43 45 45
490 347 82 61 61
241 178 43 20 20
325 196 83 46 46
356 227 72 57 57
651 451 106 94 94
452 270 112 70 70
668 380 200 88 88
507 365 71 71 71
505 361 75 69 69
864 535 208 121 121
253 187 38 28 28
502 350 97 55 55
890 582 198 110 110
781 487 179 115 115
484 326 84 74 74
988 615 226 147 147
593 432 89 72 72
374 274 49 51 51
935 573 228 134 134
242 177 37 28 28
843 513 217 113 113
939 617 191 131 131
869 540 210 119 119
875 550 194 131 131
438 271 95 72 72
787 467 224 96 96
869 536 219 114 114
336 231 54 51 51
778 468 206 104 104
499 331 102 66 66
234 171 36 27 27
366 270 53 43 43
964 587 243 134 134
440 268 109 63 63
156 113 18 25 25
776 467 207 102 102
930 580 223 127 127
894 553 216 125 125
683 470 115 98 98
293 219 40 34 34
746 481 159 106 106
692 433 160 99 99
695 423 185 87 87
215 147 38 30 30
987 732 120 135 135
635 384 159 92 92
342 253 37 52 52
411 227 132 52 52
249 152 60 37 37
811 484 223 104 104
895 545 220 130 130
444 294 82 68 68
379 267 62 50 50
236 160 49 27 27
992 746 127 119 119
990 678 172 140 140
258 174 55 29 29
180 106 44 30 30
352 216 82 54 54
217 130 55 32 32
852 608 126 118 118
397 241 102 54 54
334 205 79 50 50
351 240 55 56 56
778 546 121 111 111
442 261 127 54 54
825 510 205 110 110
355 255 53 47 47
740 458 172 110 110
616 437 96 83 83
754 485 167 102 102
221 127 67 27 27
290 192 62 36 36
291 171 82 38 38
213 131 51 31 31
808 494 199 115 115
235 132 79 24 24
291 193 55 43 43
430 305 58 67 67
775 597 88 90 90
936 581 225 130 130
190 120 41 29 29
494 306 119 69 69
389 281 66 42 42
331 235 54 42 42
263 157 68 38 38
762 464 197 101 101
652 393 171 88 88
838 599 117 122 122
292 201 53 38 38
492 336 90 66 66
889 574 185 130 130
847 540 181 126 126
411 245 107 59 59
417 298 59 60 60
748 465 180 103 103
892 546 222 124 124
769 500 163 106 106
264 187 37 40 40
157 120 22 15 15
514 314 129 71 71
533 323 135 75 75
688 441 145 102 102
783 491 172 120 120
916 614 173 129 129
706 462 143 101 101
371 226 95 50 50
382 250 71 61 61
787 541 131 115 115
692 468 114 110 110
302 179 84 39 39
994 677 146 171 171
336 222 75 39 39
592 356 159 77 77
781 479 193 109 109
225 167 30 28 28
773 553 97 123 123
952 586 220 146 146
773 554 96 123 123
771 536 131 104 104
343 217 87 39 39
343 218 86 39 39
939 710 113 116 116
939 710 113 116 116
939 706 118 115 115
946 715 115 116 116
939 710 113 116 116
153 89 40 24 24
142 77 48 17 17
716 496 101 119 119
736 511 102 123 123
361 264 47 50 50
136 101 20 15 15
753 472 163 118 118
881 526 240 115 115
590 427 89 74 74
595 405 102 88 88
736 452 176 108 108
668 466 114 88 88
668 466 114 88 88
209 156 27 26 26
600 430 93 77 77
601 431 92 78 78
600 431 91 78 78
600 430 93 77 77
600 430 93 77 77
642 388 163 91 91
642 388 163 91 91
180 137 28 15 15
180 137 28 15 15
191 110 55 26 26
180 137 28 15 15
191 110 55 26 26
191 110 55 26 26
191 110 55 26 26
194 114 55 25 25
401 267 69 65 65
772 464 208 100 100
886 550 209 127 127
725 535 112 78 78
294 178 74 42 42
772 476 187 109 109
514 355 93 66 66
477 343 66 68 68
764 526 127 111 111
506 360 77 69 69
906 557 228 121 121
666 413 161 92 92
724 440 194 90 90
189 117 45 27 27
803 481 220 102 102
215 148 36 31 31
148 86 44 18 18
660 395 174 91 91
535 314 154 67 67
961 699 135 127 127
673 462 112 99 99
781 529 155 97 97
998 595 285 118 118
406 295 51 60 60
341 199 95 47 47
927 629 153 145 145
597 389 123 85 85
229 143 53 33 33
428 325 50 53 53
903 548 238 117 117
578 399 101 78 78
389 267 72 50 50
535 387 55 93 93
462 274 128 60 60
655 395 170 90 90
616 369 167 80 80
292 182 67 43 43
303 199 63 41 41
804 525 164 115 115
593 432 78 83 83
500 310 120 70 70
543 321 158 64 64
849 631 116 102 102
964 599 219 146 146
933 554 260 119 119
222 142 43 37 37
145 81 44 20 20
769 474 188 107 107
586 366 140 80 80
342 229 72 41 41
494 309 109 76 76
210 127 59 24 24
800 486 204 110 110
521 379 75 67 67
525 322 127 76 76
557 393 89 75 75
784 475 196 113 113
550 334 144 72 72
371 233 88 50 50
849 521 216 112 112
759 458 198 103 103
460 272 129 59 59
978 634 213 131 131
787 484 189 114 114
536 327 130 79 79
357 283 48 26 26
611 369 160 82 82
931 571 228 132 132
703 508 117 78 78
712 497 132 83 83
703 482 133 88 88
473 342 69 62 62
473 349 68 56 56
682 469 118 95 95
499 360 70 69 69
283 215 35 33 33
889 543 222 124 124
653 488 77 88 88
662 501 68 93 93
661 492 78 91 91
644 481 77 86 86
655 487 82 86 86
655 488 79 88 88
700 467 102 131 131
447 301 75 71 71
415 294 62 59 59
778 477 194 107 107
196 144 25 27 27
401 252 85 64 64
189 110 59 20 20
988 678 175 135 135
871 516 245 110 110
440 295 86 59 59
999 589 266 144 144
366 244 75 47 47
961 578 250 133 133
964 576 256 132 132
541 321 140 80 80
611 355 180 76 76
275 155 83 37 37
813 488 217 108 108
352 215 84 53 53
768 477 205 86 86
286 208 45 33 33
308 224 49 35 35
733 446 191 96 96
669 404 178 87 87
661 398 169 94 94
699 435 160 104 104
806 540 161 105 105
464 339 62 63 63
897 553 212 132 132
581 353 156 72 72
586 370 124 92 92
529 351 123 55 55
853 517 209 127 127
896 586 197 113 113
799 483 211 105 105
803 566 119 118 118
754 461 185 108 108
711 518 109 84 84
529 404 72 53 53
155 86 50 19 19
392 245 90 57 57
264 182 51 31 31
387 273 69 45 45
272 205 35 32 32
744 452 184 108 108
733 463 177 93 93
759 491 157 111 111
187 118 42 27 27
850 527 199 124 124
799 493 180 126 126
794 477 202 115 115
485 358 65 62 62
482 299 119 64 64
146 91 28 27 27
361 239 65 57 57
951 593 215 143 143
575 349 147 79 79
332 249 51 32 32
470 298 98 74 74
359 213 92 54 54
796 493 199 104 104
418 291 71 56 56
911 650 140 121 121
768 546 133 89 89
639 416 140 83 83
515 341 99 75 75
497 330 82 85 85
493 360 69 64 64
783 467 209 107 107
232 158 47 27 27
243 158 53 32 32
969 585 249 135 135
301 175 90 36 36
636 370 188 78 78
169 128 14 27 27
775 541 119 115 115
207 131 46 30 30
606 413 101 92 92
779 486 178 115 115
605 407 118 80 80
894 584 179 131 131
657 408 155 94 94
321 195 84 42 42
455 274 118 63 63
255 163 47 45 45
166 103 40 23 23
204 115 58 31 31
744 519 135 90 90
819 599 117 103 103
414 249 107 58 58
187 161 10 16 16
986 638 218 130 130
776 495 179 102 102
970 637 196 137 137
396 245 91 60 60
986 604 248 134 134
450 274 113 63 63
276 171 59 46 46
154 99 34 21 21
685 465 134 86 86
800 534 152 114 114
682 428 157 97 97
653 405 148 100 100
323 218 60 45 45
355 258 48 49 49
355 258 48 49 49
355 255 51 49 49
355 255 51 49 49
355 258 48 49 49
354 209 99 46 46
354 206 107 41 41
377 228 99 50 50
201 125 41 35 35
878 536 215 127 127
599 364 153 82 82
177 110 44 23 23
151 102 29 20 20
253 179 40 34 34
571 351 138 82 82
850 611 133 106 106
710 468 135 107 107
685 457 119 109 109
764 461 197 106 106
172 111 33 28 28
106 69 26 11 11
758 517 139 102 102
371 229 87 55 55
177 123 32 22 22
690 501 87 102 102
258 171 52 35 35
991 722 145 124 124
991 722 145 124 124
206 127 47 32 32
223 175 18 30 30
657 464 94 99 99
463 330 62 71 71
723 439 188 96 96
1000 625 241 134 134
267 191 46 30 30
686 396 201 89 89
887 569 197 121 121
700 413 190 97 97
489 322 103 64 64
440 260 124 56 56
412 277 76 59 59
724 417 221 86 86
188 122 41 25 25
918 560 219 139 139
276 160 81 35 35
999 611 249 139 139
999 611 249 139 139
540 330 136 74 74
446 299 89 58 58
280 171 69 40 40
620 386 132 102 102
688 406 194 88 88
889 559 192 138 138
965 586 248 131 131
216 135 45 36 36
720 538 92 90 90
725 541 93 91 91
721 539 92 90 90
726 536 99 91 91
725 535 100 90 90
310 218 53 39 39
643 376 184 83 83
995 615 241 139 139
651 475 95 81 81
575 348 153 74 74
735 429 207 99 99
816 482 231 103 103
874 614 134 126 126
555 413 63 79 79
606 441 73 92 92
862 603 136 123 123
843 586 146 111 111
892 636 145 111 111
318 221 54 43 43
184 110 51 23 23
400 232 117 51 51
157 108 32 17 17
707 504 115 88 88
690 432 153 105 105
274 170 62 42 42
188 110 53 25 25
152 85 46 21 21
588 359 144 85 85
575 422 65 88 88
591 371 126 94 94
637 458 103 76 76
690 493 112 85 85
641 461 104 76 76
641 459 110 72 72
218 152 33 33 33
221 146 43 32 32
626 386 150 90 90
313 198 69 46 46
449 324 70 55 55
239 158 50 31 31
778 496 189 93 93
923 550 247 126 126
928 598 217 113 113
928 597 221 110 110
654 471 109 74 74
291 187 66 38 38
308 212 56 40 40
996 600 259 137 137
924 626 144 154 154
511 356 103 52 52
748 469 173 106 106
569 433 57 79 79
218 147 35 36 36
199 124 40 35 35
100 83 7 10 10
811 477 230 104 104
893 522 259 112 112
899 530 249 120 120
897 520 260 117 117
124 81 27 16 16
499 335 95 69 69
522 319 131 72 72
532 323 139 70 70
885 620 165 100 100
691 458 112 121 121
201 124 49 28 28
630 425 126 79 79
197 146 26 25 25
239 182 32 25 25
859 511 236 112 112
250 156 58 36 36
865 533 214 118 118
257 149 73 35 35
970 645 186 139 139
795 478 214 103 103
671 452 108 111 111
923 669 121 133 133
543 375 97 71 71
748 459 184 105 105
969 597 232 140 140
847 510 216 121 121
228 157 39 32 32
267 208 24 35 35
122 95 14 13 13
124 97 14 13 13
949 614 188 147 147
504 293 143 68 68
268 178 56 34 34
221 137 48 36 36
981 633 213 135 135
503 294 144 65 65
380 232 91 57 57
730 438 189 103 103
463 313 70 80 80
311 197 70 44 44
392 259 89 44 44
457 348 55 54 54
368 230 83 55 55
810 513 163 134 134
728 450 165 113 113
241 159 53 29 29
894 647 155 92 92
257 153 71 33 33
671 498 89 84 84
649 483 84 82 82
640 474 90 76 76
792 484 206 102 102
377 249 79 49 49
340 228 73 39 39
360 214 97 49 49
882 528 240 114 114
101 81 10 10 10
270 175 54 41 41
665 399 178 88 88
921 557 246 118 118
161 99 39 23 23
489 296 126 67 67
332 263 32 37 37
406 249 93 64 64
829 561 162 106 106
621 470 78 73 73
176 105 47 24 24
201 137 38 26 26
746 462 181 103 103
789 478 197 114 114
711 502 97 112 112
842 509 217 116 116
859 517 218 124 124
566 411 88 67 67
303 181 86 36 36
244 153 54 37 37
921 564 224 133 133
796 519 168 109 109
318 228 54 36 36
344 208 83 53 53
638 399 144 95 95
685 402 200 83 83
495 347 82 66 66
538 336 130 72 72
544 343 124 77 77
510 323 110 77 77
577 397 104 76 76
499 307 123 69 69
509 317 117 75 75
176 134 24 18 18
858 526 213 119 119
391 287 67 37 37
400 274 63 63 63
794 490 187 117 117
850 540 200 110 110
814 501 197 116 116
334 211 72 51 51
368 260 63 45 45
892 558 210 124 124
225 135 65 25 25
983 717 148 118 118
733 504 124 105 105
746 449 190 107 107
686 451 140 95 95
578 357 135 86 86
678 463 116 99 99
153 103 30 20 20
523 374 87 62 62
547 400 84 63 63
276 169 72 35 35
811 600 104 107 107
331 229 59 43 43
616 387 139 90 90
390 295 52 43 43
785 469 208 108 108
345 243 51 51 51
188 109 51 28 28
281 187 54 40 40
879 605 154 120 120
187 137 27 23 23
497 342 72 83 83
940 579 221 140 140
464 276 129 59 59
170 134 14 22 22
170 104 43 23 23
650 406 150 94 94
971 597 238 136 136
200 141 32 27 27
143 115 13 15 15
544 360 114 70 70
269 161 65 43 43
190 137 27 26 26
538 369 105 64 64
807 481 210 116 116
783 491 169 123 123
723 515 105 103 103
206 155 27 24 24
399 253 93 53 53
771 553 106 112 112
135 83 30 22 22
623 454 80 89 89
792 478 208 106 106
812 618 76 118 118
205 137 40 28 28
490 304 115 71 71
250 185 27 38 38
220 140 48 32 32
524 379 73 72 72
669 415 156 98 98
611 444 86 81 81
920 603 165 152 152
962 625 186 151 151
881 595 138 148 148
917 626 144 147 147
890 607 133 150 150
873 570 174 129 129
883 540 221 122 122
186 146 15 25 25
443 326 64 53 53
297 212 46 39 39
337 256 48 33 33
318 190 85 43 43
822 550 151 121 121
955 715 128 112 112
183 151 14 18 18
242 179 30 33 33
675 490 78 107 107
443 274 107 62 62
550 335 135 80 80
860 602 125 133 133
312 219 53 40 40
775 472 195 108 108
910 540 257 113 113
906 605 155 146 146
987 611 237 139 139
169 102 40 27 27
183 132 24 27 27
264 196 39 29 29
264 196 39 29 29
264 196 39 29 29
248 152 62 34 34
248 152 62 34 34
477 282 129 66 66
781 463 215 103 103
982 599 254 129 129
976 612 222 142 142
954 647 148 159 159
964 653 154 157 157
950 646 146 158 158
923 617 163 143 143
242 168 50 24 24
388 248 87 53 53
157 100 33 24 24
212 150 41 21 21
335 218 70 47 47
890 652 147 91 91
659 397 169 93 93
522 324 128 70 70
185 118 39 28 28
240 176 40 24 24
833 489 237 107 107
920 679 127 114 114
600 451 78 71 71
601 445 89 67 67
601 448 88 65 65
388 246 82 60 60
942 613 208 121 121
934 571 235 128 128
912 581 213 118 118
659 445 120 94 94
783 540 130 113 113
583 365 139 79 79
624 366 178 80 80
836 513 204 119 119
860 628 130 102 102
451 262 129 60 60
499 300 129 70 70
440 253 128 59 59
550 402 64 84 84
882 636 137 109 109
251 150 69 32 32
824 479 240 105 105
492 299 121 72 72
745 453 185 107 107
484 366 60 58 58
127 103 12 12 12
800 517 175 108 108
312 185 81 46 46
105 71 20 14 14
858 633 101 124 124
235 144 63 28 28
429 269 91 69 69
342 204 93 45 45
445 304 69 72 72
866 648 115 103 103
687 410 187 90 90
561 411 74 76 76
218 136 54 28 28
218 136 54 28 28
218 136 54 28 28
328 226 60 42 42
328 226 60 42 42
574 403 90 81 81
773 469 201 103 103
605 407 117 81 81
