0 0
1 0
2 0
3 0
4 0
5 0
6 0
7 0
8 0
9 0
10 0
11 0
12 0
13 0
14 0
15 0
16 0
17 0
18 0
19 0
20 0
21 0
22 0
23 0
24 0
25 0
26 0
27 0
28 0
29 0
30 0
31 0
32 0
33 0
34 0
35 0
36 0
37 0
38 0
39 0
40 0
41 0
42 0
43 0
44 0
45 0
46 0
47 0
48 0
49 5
50 10
51 47
52 65
53 154
54 147
55 54
56 16
57 22
58 23
59 31
60 51
61 30
62 28
63 32
64 42
65 41
66 56
67 38
68 37
69 34
70 15
71 3
72 6
73 4
74 2
75 3
76 1
77 1
78 1
79 0
80 1
81 0
82 0
83 0
84 0
85 0
86 0
87 0
88 0
89 0
90 0
91 0
92 0
93 0
94 0
95 0
96 0
97 0
98 0
99 0
100 0
