45 1
46 2
47 3
48 4
49 5
50 5
51 5
52 6
53 6
54 7
55 8
192 1
193 2
194 3
195 4
232 1
419 1
420 2
421 3
422 4
423 5
424 6
484 1
485 2
587 1
588 2
589 3
590 4
664 1
665 2
666 3
667 4
668 5
669 6
670 7
671 8
672 9
673 10
745 1
746 2
747 3
748 4
749 5
919 1
920 2
921 3
922 4
923 5
924 6
925 7
926 8
946 1
961 1
1231 1
1385 1
1406 1
1407 2
1416 1
1486 1
1487 2
1488 3
1489 4
1490 5
1491 5
1492 6
1493 7
1494 7
1495 8
1496 8
1497 9
1498 9
1499 9
1500 10
1501 11
1502 12
1517 1
1573 1
1574 2
1644 1
1655 1
1656 2
1773 1
1889 1
1965 1
1992 1
1993 2
2016 1
2017 2
2050 1
2051 2
2052 3
2053 4
2054 5
2055 6
2106 1
2152 1
2153 2
2154 3
2155 4
2224 1
2225 2
2226 3
2227 4
2304 1
2305 2
2306 3
2323 1
2324 2
2325 3
2326 4
2327 5
2328 5
2329 6
2339 1
2340 2
2341 3
2342 4
2343 5
2344 6
2345 7
2346 8
2381 1
2382 2
2383 3
2384 3
2385 3
2386 4
2387 4
2492 1
2537 1
2538 2
2539 3
2540 4
2541 5
2542 6
2543 6
2544 7
2545 8
2546 8
2547 9
2548 10
2549 11
2550 12
2602 1
2645 1
2646 2
2647 3
2732 1
2733 2
2944 1
2996 1
2997 2
2998 3
2999 4
3000 5
3121 1
3126 2
3127 3
3128 4
3272 1
3273 2
3274 3
3280 4
3281 5
3282 6
3283 7
3284 8
3285 9
3286 10
3287 11
3288 9
3289 9
3290 10
3291 11
3404 1
