979 37
878 40
169 32
650 36
375 38
747 38
593 39
768 39
637 38
981 41
562 37
239 34
216 43
174 39
409 33
292 36
571 43
118 33
808 35
536 38
534 35
253 40
760 39
638 42
332 34
375 34
470 36
332 34
332 34
388 35
856 42
540 39
486 38
671 40
548 40
125 44
317 33
994 38
317 33
243 41
126 40
658 43
828 43
162 35
964 38
440 40
430 38
423 38
433 39
258 34
743 43
794 41
233 38
690 44
788 43
863 41
348 35
329 36
886 36
760 37
987 40
785 43
291 30
291 30
291 30
291 30
291 30
290 33
228 36
331 42
522 34
839 33
713 38
734 39
801 40
769 39
763 39
846 39
402 42
877 37
689 40
140 45
166 30
763 38
948 38
336 38
222 41
284 37
284 37
284 37
489 40
284 37
284 37
284 37
454 42
732 38
200 33
600 37
800 37
767 37
