979 365 20 594 1
878 359 44 475 6
169 55 5 109 0
650 237 30 383 1
375 144 22 209 0
747 285 22 440 1
593 237 23 333 2
768 304 42 422 2
637 246 36 355 1
981 407 56 518 3
562 211 11 340 3
239 82 11 146 0
216 94 17 105 0
174 69 12 93 1
409 139 11 259 0
292 108 11 173 0
571 249 33 289 5
118 39 4 75 0
808 288 20 500 0
536 208 21 307 1
534 190 13 331 2
253 102 16 135 0
760 297 29 434 4
638 268 44 326 0
332 114 4 214 0
375 131 7 237 0
470 170 15 285 1
332 114 4 214 0
332 114 4 214 0
388 136 8 244 1
856 361 57 438 2
540 213 20 307 2
486 188 22 276 0
671 273 36 362 1
548 220 23 305 3
125 55 5 65 3
317 105 7 205 0
994 378 27 589 1
317 105 4 208 0
243 102 19 122 1
126 51 5 70 0
658 287 35 336 3
828 357 39 432 6
162 57 4 101 1
964 368 25 571 2
440 176 24 240 2
430 167 17 246 0
423 161 19 243 0
433 169 23 241 0
258 88 8 162 0
743 320 40 383 3
794 332 47 415 1
233 90 4 139 2
690 307 39 344 8
788 340 51 397 8
863 357 64 442 6
348 123 15 210 0
329 120 9 200 0
886 322 25 539 1
760 286 22 452 1
987 398 81 508 2
785 339 64 382 3
291 88 10 193 0
291 88 10 193 0
291 88 10 193 0
291 88 10 193 0
291 88 10 193 0
290 98 6 186 0
228 84 3 141 0
331 140 14 177 1
522 180 16 326 0
839 285 18 536 1
713 277 40 396 2
734 292 39 403 4
801 321 51 429 3
769 307 47 415 4
763 303 52 408 1
846 333 52 461 5
402 171 23 208 1
877 327 27 523 0
689 280 33 376 2
140 63 7 70 0
166 51 0 115 0
763 290 34 439 0
948 368 40 540 3
336 129 6 201 1
222 92 14 116 2
284 107 14 163 0
284 107 14 163 0
284 107 14 163 0
489 197 20 272 4
284 107 14 163 0
284 107 14 163 0
284 107 14 163 0
454 195 32 227 5
732 284 26 422 1
200 67 2 131 0
600 223 21 356 1
800 303 31 466 0
767 290 22 455 1
