HLA-B*15:01 45 53 21
HLA-A*32:01 45 53 39
HLA-B*58:01 45 53 279
HLA-A*23:01 45 53 385
HLA-C*03:03 48 56 7
HLA-B*15:01 48 56 43
HLA-B*58:01 48 56 50
HLA-B*35:01 48 56 54
HLA-A*23:01 48 56 148
HLA-B*57:01 48 56 377
HLA-B*53:01 48 56 397
HLA-A*01:01 192 200 124
HLA-B*35:01 192 200 228
HLA-A*68:01 192 200 398
HLA-A*29:02 192 200 462
HLA-A*29:02 232 240 88
HLA-A*29:02 419 427 28
HLA-B*15:01 419 427 135
HLA-A*11:01 419 427 243
HLA-B*35:01 419 427 364
HLA-B*15:02 419 427 379
HLA-A*30:02 419 427 434
HLA-A*29:02 484 492 87
HLA-B*35:01 484 492 327
HLA-A*30:01 587 595 48
HLA-B*15:01 587 595 119
HLA-A*03:01 587 595 208
HLA-B*15:02 587 595 306
HLA-B*35:01 664 672 6
HLA-A*02:06 664 672 11
HLA-A*32:01 664 672 11
HLA-B*15:01 664 672 18
HLA-C*14:02 664 672 23
HLA-A*29:02 664 672 34
HLA-A*02:01 664 672 59
HLA-B*15:02 664 672 90
HLA-B*58:01 664 672 131
HLA-A*23:01 664 672 195
HLA-B*15:02 745 753 34
HLA-B*15:01 745 753 101
HLA-A*26:01 745 753 130
HLA-A*02:06 745 753 361
HLA-A*29:02 745 753 370
HLA-B*58:01 919 927 22
HLA-B*15:01 919 927 30
HLA-B*57:01 919 927 94
HLA-B*07:02 919 927 97
HLA-A*32:01 919 927 125
HLA-B*35:01 919 927 205
HLA-C*03:03 919 927 244
HLA-C*12:03 919 927 376
HLA-A*23:01 946 954 198
HLA-A*29:02 961 969 306
HLA-C*07:02 1231 1239 366
HLA-B*15:01 1385 1393 71
HLA-B*15:01 1406 1414 284
HLA-A*11:01 1406 1414 441
HLA-A*30:02 1416 1424 175
HLA-B*35:01 1486 1494 8
HLA-B*15:02 1486 1494 128
HLA-A*30:02 1486 1494 274
HLA-B*53:01 1486 1494 372
HLA-C*12:03 1486 1494 430
HLA-B*35:01 1488 1496 2
HLA-C*03:03 1488 1496 6
HLA-A*29:02 1488 1496 7
HLA-C*12:03 1488 1496 11
HLA-B*15:01 1488 1496 93
HLA-A*30:02 1488 1496 104
HLA-A*26:01 1488 1496 114
HLA-B*15:02 1488 1496 122
HLA-B*53:01 1488 1496 226
HLA-A*68:01 1488 1496 322
HLA-B*46:01 1488 1496 415
HLA-B*58:01 1488 1496 425
HLA-A*30:02 1517 1525 78
HLA-A*26:01 1573 1581 36
HLA-A*25:01 1573 1581 51
HLA-A*30:02 1644 1652 50
HLA-A*30:02 1655 1663 151
HLA-A*29:02 1655 1663 496
HLA-B*15:01 1773 1781 189
HLA-C*07:02 1889 1897 354
HLA-B*35:01 1965 1973 44
HLA-B*27:05 1992 2000 194
HLA-A*30:02 1992 2000 490
HLA-B*58:01 2016 2024 93
HLA-A*32:01 2016 2024 363
HLA-B*35:01 2050 2058 7
HLA-A*29:02 2050 2058 52
HLA-B*15:01 2050 2058 79
HLA-B*15:02 2050 2058 100
HLA-A*30:02 2050 2058 265
HLA-C*12:03 2050 2058 433
HLA-C*03:03 2106 2114 22
HLA-B*35:01 2152 2160 81
HLA-C*12:03 2152 2160 266
HLA-B*15:01 2152 2160 389
HLA-C*05:01 2152 2160 431
HLA-C*12:03 2224 2232 94
HLA-B*15:01 2224 2232 170
HLA-B*58:01 2224 2232 237
HLA-C*03:03 2224 2232 350
HLA-B*35:01 2304 2312 15
HLA-B*07:02 2304 2312 70
HLA-A*30:02 2304 2312 82
HLA-B*15:01 2323 2331 23
HLA-A*30:02 2323 2331 35
HLA-B*15:02 2323 2331 52
HLA-B*35:01 2323 2331 313
HLA-C*14:02 2323 2331 409
HLA-A*30:02 2326 2334 139
HLA-A*11:01 2326 2334 398
HLA-B*35:01 2339 2347 7
HLA-C*03:03 2339 2347 21
HLA-B*58:01 2339 2347 45
HLA-B*53:01 2339 2347 56
HLA-C*12:03 2339 2347 125
HLA-C*05:01 2339 2347 232
HLA-B*57:01 2339 2347 245
HLA-B*15:01 2339 2347 492
HLA-B*15:01 2381 2389 47
HLA-A*29:02 2381 2389 129
HLA-A*30:02 2381 2389 240
HLA-A*29:02 2383 2391 3
HLA-A*30:02 2383 2391 19
HLA-B*15:02 2383 2391 288
HLA-B*15:01 2383 2391 401
HLA-A*30:02 2492 2500 88
HLA-B*15:01 2537 2545 29
HLA-A*30:02 2537 2545 53
HLA-A*02:06 2537 2545 79
HLA-B*15:02 2537 2545 144
HLA-B*18:01 2537 2545 267
HLA-A*29:02 2539 2547 6
HLA-A*30:02 2539 2547 26
HLA-B*35:01 2539 2547 30
HLA-A*01:01 2539 2547 36
HLA-B*15:01 2539 2547 37
HLA-B*58:01 2539 2547 71
HLA-A*68:01 2539 2547 109
HLA-A*11:01 2539 2547 181
HLA-B*57:01 2539 2547 277
HLA-A*30:02 2602 2610 324
HLA-B*15:01 2645 2653 18
HLA-B*15:02 2645 2653 373
HLA-A*32:01 2645 2653 477
HLA-C*07:01 2732 2740 62
HLA-C*06:02 2732 2740 124
HLA-B*44:03 2944 2952 246
HLA-C*14:02 2996 3004 13
HLA-A*24:02 2996 3004 21
HLA-A*23:01 2996 3004 27
HLA-A*29:02 2996 3004 371
HLA-B*35:01 2996 3004 403
HLA-B*15:01 3121 3129 251
HLA-A*23:01 3126 3134 165
HLA-B*35:01 3126 3134 265
HLA-A*32:01 3126 3134 490
HLA-A*26:01 3272 3280 25
HLA-A*25:01 3272 3280 59
HLA-A*68:01 3272 3280 220
HLA-A*29:02 3280 3288 2
HLA-A*01:01 3280 3288 11
HLA-B*35:01 3280 3288 16
HLA-C*12:03 3280 3288 22
HLA-B*15:01 3280 3288 133
HLA-A*30:02 3280 3288 202
HLA-B*58:01 3280 3288 303
HLA-B*53:01 3280 3288 416
HLA-A*02:06 3281 3289 9
HLA-B*15:01 3281 3289 21
HLA-B*27:05 3281 3289 416
HLA-A*32:01 3281 3289 439
HLA-A*29:02 3404 3412 498
