45 21 1
45 21 2
45 21 3
45 21 4
48 7 5
48 7 5
48 7 5
48 7 6
48 7 6
48 7 7
48 7 8
192 124 1
192 124 2
192 124 3
192 124 4
232 88 1
419 28 1
419 28 2
419 28 3
419 28 4
419 28 5
419 28 6
484 87 1
484 87 2
587 48 1
587 48 2
587 48 3
587 48 4
664 6 1
664 6 2
664 6 3
664 6 4
664 6 5
664 6 6
664 6 7
664 6 8
664 6 9
664 6 10
745 34 1
745 34 2
745 34 3
745 34 4
745 34 5
919 22 1
919 22 2
919 22 3
919 22 4
919 22 5
919 22 6
919 22 7
919 22 8
946 198 1
961 306 1
1231 366 1
1385 71 1
1406 284 1
1406 284 2
1416 175 1
1486 8 1
1486 8 2
1486 8 3
1486 8 4
1486 8 5
1488 2 5
1488 2 6
1488 2 7
1488 2 7
1488 2 8
1488 2 8
1488 2 9
1488 2 9
1488 2 9
1488 2 10
1488 2 11
1488 2 12
1517 78 1
1573 36 1
1573 36 2
1644 50 1
1655 151 1
1655 151 2
1773 189 1
1889 354 1
1965 44 1
1992 194 1
1992 194 2
2016 93 1
2016 93 2
2050 7 1
2050 7 2
2050 7 3
2050 7 4
2050 7 5
2050 7 6
2106 22 1
2152 81 1
2152 81 2
2152 81 3
2152 81 4
2224 94 1
2224 94 2
2224 94 3
2224 94 4
2304 15 1
2304 15 2
2304 15 3
2323 23 1
2323 23 2
2323 23 3
2323 23 4
2323 23 5
2326 23 5
2326 23 6
2339 7 1
2339 7 2
2339 7 3
2339 7 4
2339 7 5
2339 7 6
2339 7 7
2339 7 8
2381 47 1
2381 47 2
2381 47 3
2383 3 3
2383 3 3
2383 3 4
2383 3 4
2492 88 1
2537 29 1
2537 29 2
2537 29 3
2537 29 4
2537 29 5
2539 6 6
2539 6 6
2539 6 7
2539 6 8
2539 6 8
2539 6 9
2539 6 10
2539 6 11
2539 6 12
2602 324 1
2645 18 1
2645 18 2
2645 18 3
2732 62 1
2732 62 2
2944 246 1
2996 13 1
2996 13 2
2996 13 3
2996 13 4
2996 13 5
3121 251 1
3126 165 2
3126 165 3
3126 165 4
3272 25 1
3272 25 2
3272 25 3
3280 2 4
3280 2 5
3280 2 6
3280 2 7
3280 2 8
3280 2 9
3280 2 10
3280 2 11
3281 2 9
3281 2 9
3281 2 10
3281 2 11
3404 498 1
