0 46
1 0
2 0
3 0
4 5
5 10
6 24
7 41
8 56
9 43
10 32
11 49
12 36
13 36
14 15
15 24
16 25
17 17
18 11
19 9
20 12
21 2
22 10
23 6
24 9
25 9
26 6
27 7
28 7
29 8
30 4
31 3
32 9
33 10
34 7
35 5
36 7
37 6
38 5
39 9
40 14
41 13
42 11
43 6
44 15
45 7
46 8
47 13
48 5
49 9
50 7
51 5
52 9
53 10
54 8
55 10
56 8
57 5
58 8
59 6
60 6
61 11
62 6
63 11
64 14
65 10
66 7
67 5
68 8
69 4
70 12
71 1
72 5
73 10
74 4
75 3
76 6
77 6
78 1
79 3
