979
582 1378
878
314 1449
169
42 295
650
88 1212
375
30 719
747
600 899
593
112 1083
768
52 1483
637
52 1221
981
356 1609
562
500 626
239
226 253
216
28 403
174
24 323
409
96 721
292
46 537
571
306 841
118
0 235
808
136 1488
536
58 1013
534
48 1021
253
158 347
760
78 1454
638
188 1106
332
264 412
375
244 518
470
298 654
332
264 412
332
264 412
388
280 508
856
142 1577
540
276 809
486
260 721
671
268 1074
548
298 803
125
58 191
317
46 587
994
554 1443
317
284 350
243
0 485
126
24 227
658
296 1019
828
292 1363
162
0 323
964
486 1445
440
284 607
430
250 616
423
210 644
433
216 649
258
26 489
743
148 1347
794
70 1525
233
178 288
690
124 1255
788
150 1425
863
370 1355
348
50 645
329
244 413
886
568 1207
760
526 997
987
124 1857
785
128 1441
291
0 581
291
0 581
291
0 581
291
0 581
291
0 581
290
228 351
228
128 327
331
128 533
522
64 979
839
798 892
713
116 1311
734
90 1381
801
90 1513
769
92 1447
763
68 1459
846
392 1302
402
50 753
877
134 1619
689
160 1219
140
36 243
166
166 167
763
128 1405
948
388 1512
336
198 474
222
0 443
284
24 543
284
24 543
284
24 543
489
356 627
284
24 543
284
24 543
284
24 543
454
50 857
732
434 1029
200
146 253
600
102 1099
800
130 1472
767
482 1062
230
162 297
431
308 553
982
494 1470
793
536 1065
910
98 1721
972
386 1558
766
332 1202
800
348 1253
782
346 1220
969
132 1813
175
156 193
271
22 519
907
158 1660
325
44 605
941
116 1765
536
308 766
867
168 1565
584
400 780
234
26 441
291
26 555
217
222 217
703
222 1193
124
36 211
669
100 1237
603
218 990
650
526 784
229
178 279
229
178 279
229
172 285
229
172 285
229
178 279
229
0 457
229
0 457
533
124 943
927
222 1631
891
554 1238
385
400 375
386
66 705
386
66 705
385
400 375
386
66 705
386
66 705
391
66 715
388
44 731
278
236 319
188
116 262
841
526 1155
743
100 1385
736
100 1371
758
98 1417
737
98 1375
173
96 249
782
414 1153
809
210 1407
721
50 1396
615
480 753
615
52 1177
263
22 503
410
44 775
240
124 356
790
120 1459
791
212 1376
503
398 607
807
250 1363
835
126 1543
169
212 126
230
0 459
910
176 1643
767
100 1433
256
22 489
748
352 1151
638
118 1177
838
118 1577
503
82 923
700
338 1061
469
54 883
557
96 1017
459
54 863
544
118 969
461
54 867
561
68 1055
471
320 623
195
42 347
737
512 970
540
358 729
550
102 997
415
30 799
406
30 781
522
52 991
411
30 791
703
260 1146
463
58 867
144
116 173
452
54 849
854
100 1607
194
22 365
982
610 1368
336
374 305
196
0 391
519
70 967
622
100 1143
985
884 1086
165
0 329
392
262 522
900
604 1202
754
546 979
143
0 285
637
434 855
319
0 637
355
110 600
251
22 479
384
72 695
511
240 786
750
312 1188
884
144 1633
545
180 909
578
200 962
435
26 843
910
532 1294
768
72 1465
757
682 839
783
700 873
775
214 1339
252
76 427
250
124 375
754
234 1279
971
652 1290
138
210 68
493
376 620
792
694 892
932
716 1150
778
694 864
880
678 1081
760
144 1380
566
44 1087
597
44 1152
391
26 755
195
0 389
443
314 571
239
24 453
354
48 659
296
52 539
279
54 503
779
100 1462
751
86 1418
688
74 1301
285
58 518
278
22 533
510
44 975
210
34 385
348
434 263
253
186 322
507
226 791
984
654 1341
990
614 1383
846
130 1561
979
490 1474
773
100 1445
386
176 596
263
100 425
590
420 770
451
68 833
841
92 1589
133
96 170
133
96 170
147
0 293
147
0 293
293
230 355
811
104 1517
637
460 815
469
354 583
882
726 1044
579
94 1063
345
44 645
677
144 1217
459
122 803
727
500 954
323
0 645
517
568 467
368
26 709
515
46 983
515
46 983
515
276 757
515
276 757
515
276 757
256
52 459
984
644 1324
330
86 573
795
182 1412
403
352 463
379
54 703
776
94 1461
798
94 1501
979
524 1439
787
94 1479
823
476 1175
846
94 1597
181
0 361
402
242 561
934
184 1683
483
226 740
326
230 425
490
346 653
241
212 270
325
26 623
356
26 685
651
378 926
452
72 831
668
90 1245
507
370 651
505
334 677
864
156 1571
253
136 371
502
340 663
890
396 1388
781
144 1417
484
224 745
988
154 1821
593
392 793
374
252 502
935
108 1761
242
128 357
843
168 1522
939
284 1596
869
204 1533
875
204 1545
438
76 799
787
96 1487
869
100 1637
336
168 505
778
152 1403
499
158 841
234
208 261
366
284 450
964
168 1759
440
44 835
156
74 239
776
98 1453
930
114 1764
894
134 1656
683
194 1174
293
336 258
746
168 1323
692
172 1215
695
44 1345
215
64 365
987
818 1165
635
76 1199
342
192 493
411
32 789
249
26 471
811
84 1543
895
148 1641
444
142 754
379
318 444
236
110 364
992
708 1283
990
428 1552
258
202 314
180
22 337
352
68 639
217
22 411
852
574 1131
397
44 749
334
86 581
351
142 560
778
502 1059
442
54 829
825
126 1523
355
200 509
740
88 1391
616
302 932
754
166 1344
221
22 419
290
74 505
291
22 559
213
22 403
808
80 1535
235
62 417
291
150 434
430
268 594
775
792 759
936
212 1659
190
22 357
494
74 913
389
362 420
331
184 477
263
66 464
762
50 1473
652
94 1209
838
468 1208
292
98 485
492
98 885
889
202 1584
847
248 1450
411
50 771
417
272 564
748
124 1371
892
166 1617
769
238 1308
264
134 393
157
136 177
514
56 981
533
78 997
688
324 1056
783
124 1441
916
298 1536
706
526 890
371
26 715
382
120 643
787
454 1120
692
266 1119
302
0 603
994
380 1624
336
142 531
592
54 1137
781
118 1443
225
124 325
773
454 1093
952
98 1813
773
450 1097
771
494 1053
343
88 598
343
88 598
939
964 918
939
964 918
939
948 934
946
964 932
939
964 918
153
0 305
142
0 283
716
340 1092
736
340 1132
361
200 527
136
102 172
753
96 1409
881
142 1619
590
354 828
595
322 869
736
86 1385
668
350 987
668
350 987
209
174 244
600
298 902
601
294 908
600
294 906
600
298 902
600
298 902
642
74 1218
642
74 1218
180
226 133
180
226 133
191
22 359
180
226 133
191
22 359
191
22 359
191
22 359
194
22 365
401
228 573
772
118 1425
886
146 1629
725
526 932
294
80 507
772
142 1404
514
206 822
477
328 625
764
464 1077
506
336 675
906
112 1700
666
98 1241
724
152 1303
189
0 377
803
92 1513
215
112 319
148
0 295
660
90 1234
535
30 1039
961
620 1307
673
254 1091
781
396 1167
998
208 1789
406
236 575
341
22 659
927
298 1556
597
246 947
229
0 457
428
344 514
903
122 1691
578
348 811
389
196 593
535
446 626
462
54 869
655
118 1191
616
74 1157
292
48 535
303
158 450
804
244 1368
593
302 888
500
72 936
543
126 960
849
646 1053
964
126 1801
933
168 1699
222
22 421
145
0 289
769
102 1435
586
78 1093
342
142 548
494
80 907
210
0 419
800
94 1514
521
394 648
525
22 1027
557
264 851
784
96 1471
550
84 1019
371
24 717
849
106 1591
759
130 1387
460
92 827
978
374 1582
787
116 1477
536
24 1047
357
392 321
611
68 1153
931
138 1732
703
556 850
712
430 995
703
424 983
473
394 553
473
414 533
682
390 973
499
374 626
283
286 280
889
172 1614
653
756 570
662
756 588
661
766 575
644
754 554
655
756 574
655
754 576
700
522 898
447
260 633
415
202 630
778
98 1457
196
118 273
401
70 741
189
26 351
988
580 1396
871
98 1643
440
232 648
999
132 1865
366
180 555
961
186 1743
964
126 1803
541
24 1057
611
50 1171
275
36 513
813
74 1551
352
110 600
768
376 1169
286
182 389
308
324 297
733
110 1355
669
168 1170
661
104 1217
699
122 1277
806
482 1129
464
358 570
897
172 1621
581
120 1041
586
58 1113
529
220 840
853
68 1637
896
288 1506
799
120 1477
803
364 1247
754
116 1400
711
408 1016
529
402 655
155
26 283
392
102 681
264
122 407
387
154 619
272
232 313
744
100 1387
733
212 1257
759
198 1319
187
0 373
850
118 1586
799
144 1453
794
106 1481
485
420 551
482
152 822
146
22 269
361
162 559
951
146 1762
575
48 1101
332
246 419
470
56 883
359
48 675
796
112 1484
418
184 651
911
290 1531
768
396 1139
639
266 1016
515
262 775
497
230 771
493
348 645
783
84 1481
232
124 339
243
70 415
969
162 1775
301
24 577
636
26 1245
169
168 172
775
290 1269
207
46 367
606
404 811
779
160 1404
605
272 952
894
234 1554
657
140 1174
321
0 641
455
80 829
255
46 469
166
44 287
204
0 407
744
474 1021
819
698 946
414
22 805
187
224 149
986
656 1316
776
346 1208
970
286 1654
396
22 769
986
182 1789
450
22 877
276
22 529
154
36 271
685
600 777
800
572 1041
682
114 1254
653
94 1211
323
164 482
355
292 419
355
292 419
355
288 423
355
288 423
355
292 419
354
22 685
354
22 685
377
0 753
201
22 379
878
154 1604
599
96 1101
177
0 353
151
66 235
253
190 317
571
98 1043
850
630 1071
710
266 1153
685
282 1087
764
132 1395
172
22 321
106
54 158
758
364 1158
371
0 741
177
150 206
690
518 869
258
92 423
991
684 1298
991
684 1298
206
82 337
223
248 198
657
384 939
463
286 644
723
52 1393
1000
146 1862
267
174 363
686
82 1289
887
178 1597
700
88 1311
489
152 827
440
30 849
412
102 723
724
98 1349
188
34 341
918
76 1759
276
22 529
999
146 1851
999
146 1851
540
70 1009
446
168 724
280
0 559
620
86 1153
688
140 1242
889
130 1657
965
188 1744
216
0 431
720
426 1013
725
426 1023
721
426 1015
726
422 1029
725
422 1027
310
148 471
643
120 1165
995
146 1843
651
400 902
575
118 1038
735
76 1393
816
124 1515
874
566 1201
555
496 625
606
474 747
862
528 1205
843
626 1065
892
432 1354
318
188 449
184
22 345
400
24 775
157
100 213
707
596 831
690
70 1309
274
44 503
188
26 349
152
0 303
588
124 1051
575
342 808
591
52 1129
637
444 836
690
476 910
641
452 836
641
452 836
218
96 339
221
146 295
626
86 1175
313
22 603
449
312 587
239
84 404
778
284 1282
923
122 1731
928
458 1401
928
458 1401
654
464 844
291
80 501
308
122 494
996
166 1831
924
330 1523
511
236 786
748
112 1383
569
468 678
218
58 377
199
0 397
100
114 85
811
136 1485
893
184 1618
899
188 1619
897
166 1635
124
60 187
499
192 805
522
46 997
532
44 1027
885
692 1078
691
260 1127
201
24 377
630
268 1011
197
142 251
239
232 249
859
74 1643
250
30 469
865
118 1619
257
0 513
970
434 1529
795
126 1463
671
304 1043
923
548 1305
543
208 879
748
80 1415
969
178 1762
847
146 1557
228
182 273
267
242 293
122
166 79
124
170 79
949
528 1372
504
132 880
268
116 429
221
46 395
981
466 1498
503
114 892
380
74 685
730
56 1403
463
190 746
311
90 540
392
144 646
457
444 472
368
82 656
810
152 1472
728
76 1379
241
58 423
894
658 1131
257
24 489
671
540 805
649
570 730
640
422 862
792
122 1461
377
188 566
340
110 569
360
46 673
882
142 1621
101
144 57
270
22 517
665
94 1235
921
100 1748
161
24 297
489
78 908
332
364 300
406
28 783
829
388 1272
621
426 815
176
0 351
201
68 333
746
80 1411
789
98 1481
711
382 1042
842
168 1517
859
144 1575
566
388 746
303
22 583
244
50 437
921
174 1674
796
556 1038
318
238 397
344
44 643
638
80 1201
685
104 1265
495
234 756
538
94 981
544
118 969
510
94 925
577
262 891
499
94 903
509
94 923
176
116 235
858
126 1596
391
366 415
400
150 650
794
182 1415
850
244 1472
814
118 1509
334
26 641
368
154 582
892
148 1645
225
0 449
983
792 1183
733
316 1150
746
86 1405
686
474 902
578
96 1059
678
268 1089
153
66 239
523
350 696
547
314 781
276
44 507
811
582 1046
331
272 393
616
94 1137
390
350 442
785
102 1467
345
216 475
188
32 343
281
78 483
879
482 1279
187
94 279
497
170 825
940
202 1677
464
46 881
170
162 180
170
0 339
650
82 1217
971
164 1777
200
108 291
143
150 135
544
240 849
269
22 515
190
174 209
538
228 847
807
150 1463
783
132 1443
723
350 1103
206
144 276
399
128 669
771
434 1118
135
24 245
623
438 812
792
96 1487
812
776 856
205
56 353
490
74 905
250
162 337
220
68 371
524
312 741
669
118 1219
611
414 810
920
396 1446
962
350 1580
881
462 1301
917
462 1373
890
464 1317
873
462 1285
883
102 1663
186
192 181
443
290 596
297
162 436
337
312 364
318
24 611
822
342 1309
955
692 1218
183
210 156
242
134 349
675
596 765
443
120 765
550
54 1045
860
432 1300
312
196 431
775
104 1445
910
140 1679
906
346 1474
987
162 1811
169
26 311
183
116 252
264
234 294
264
234 294
264
234 294
248
24 471
248
24 471
477
48 905
781
80 1481
982
126 1837
976
148 1803
954
452 1455
964
458 1474
950
436 1468
923
412 1438
242
190 298
388
66 709
157
32 281
212
82 343
335
126 546
890
580 1205
659
120 1198
522
66 979
185
26 343
240
164 317
833
96 1569
920
796 1044
600
658 549
601
602 604
601
628 582
388
48 727
942
270 1620
934
156 1711
912
302 1521
659
216 1120
783
342 1226
583
94 1073
624
114 1140
836
134 1537
860
544 1186
451
44 857
499
88 910
440
68 811
550
426 676
882
542 1223
251
0 501
824
186 1475
492
68 915
745
166 1330
484
378 592
127
158 95
800
178 1421
312
0 623
105
36 173
858
582 1136
235
0 469
429
70 787
342
26 657
445
230 661
866
756 978
687
92 1287
561
344 777
218
50 386
218
50 386
218
50 386
328
196 464
328
196 464
574
502 650
773
128 1417
605
162 1047
