979
246 122 18
878
207 99 103
169
34 22 4
650
163 88 17
375
95 54 17
747
174 100 34
593
155 78 29
768
214 99 35
637
176 90 17
981
286 136 44
562
128 74 23
239
50 28 15
216
62 32 17
174
41 26 15
409
86 48 16
292
75 32 12
571
158 85 44
118
27 9 7
808
188 87 33
536
127 72 31
534
127 63 15
253
69 37 12
760
180 97 53
638
174 106 32
332
68 40 10
375
80 47 11
470
104 59 23
332
68 40 10
332
68 40 10
388
84 50 11
856
255 122 43
540
132 65 38
486
118 59 33
671
169 90 51
548
136 59 51
125
33 20 10
317
72 31 9
994
248 128 30
317
64 35 10
243
68 35 19
126
31 18 7
658
170 102 53
828
213 129 60
162
34 19 9
964
242 115 38
440
116 65 21
430
108 63 13
423
109 58 13
433
108 63 21
258
61 23 12
743
197 108 58
794
236 114 30
233
58 32 6
690
209 112 33
788
228 128 43
863
228 137 62
348
80 43 15
329
74 36 19
886
212 103 33
760
189 97 23
987
254 150 77
785
210 133 63
291
59 25 14
291
59 25 14
291
60 25 13
291
59 25 14
291
59 25 14
290
61 30 13
228
51 24 12
331
90 43 22
522
108 64 24
839
170 89 45
713
185 95 39
734
187 107 41
801
210 111 54
769
192 106 60
763
192 108 56
846
208 120 62
402
107 56 32
877
207 117 30
689
176 97 42
140
36 22 12
166
33 11 7
763
188 108 28
948
243 111 57
336
84 42 10
222
58 37 13
284
69 37 15
284
69 37 15
284
69 37 15
489
124 63 34
284
69 37 15
284
69 37 15
284
69 37 15
454
140 65 27
732
170 91 50
200
39 18 12
600
146 81 18
800
205 100 29
767
192 90 31
