979
773 181 25 270
878
545 149 184 49
169
131 33 5 17
650
508 123 19 142
375
275 75 25 60
747
550 147 50 103
593
440 116 37 111
768
586 136 46 208
637
493 124 20 170
981
735 191 55 288
562
419 111 32 73
239
178 45 16 26
216
147 43 26 33
174
111 38 25 14
409
326 63 20 54
292
233 43 16 60
571
388 123 60 78
118
96 11 11 21
808
637 127 44 150
536
381 117 38 71
534
422 94 18 111
253
189 49 15 43
760
529 142 89 103
638
427 167 44 95
332
265 52 15 47
375
298 61 16 54
470
353 81 36 58
332
265 52 15 47
332
265 52 15 47
388
308 64 16 55
856
629 174 53 237
540
381 99 60 68
486
348 93 45 61
671
458 139 74 82
548
394 79 75 79
125
84 29 12 10
317
247 52 18 72
994
771 188 35 224
317
248 57 12 38
243
166 50 27 35
126
93 24 9 13
658
427 158 73 68
828
523 221 84 93
162
128 21 13 20
964
754 167 43 199
440
319 94 27 70
430
316 99 15 73
423
307 98 18 77
433
309 102 22 69
258
207 33 18 44
743
481 179 83 103
794
595 158 41 242
233
187 38 8 41
690
482 163 45 152
788
547 177 64 179
863
556 215 92 95
348
272 58 18 48
329
247 57 25 36
886
701 144 41 157
760
603 130 27 145
987
634 239 114 120
785
482 211 92 79
291
240 33 18 44
291
240 33 18 44
291
241 33 17 43
291
240 33 18 44
291
240 33 18 44
290
223 48 19 45
228
175 36 17 33
331
236 66 29 54
522
394 95 33 63
839
648 118 73 106
713
517 137 59 145
734
516 155 63 117
801
561 153 87 133
769
515 161 93 93
763
511 168 84 81
846
563 189 94 99
402
273 82 47 59
877
665 167 45 151
689
500 134 55 93
140
90 31 19 12
166
141 17 8 31
763
577 149 37 137
948
715 160 73 194
336
269 56 11 57
222
148 50 24 18
284
215 51 18 43
284
216 50 18 43
284
215 51 18 43
489
349 95 45 79
284
215 51 18 43
284
215 51 18 43
284
215 51 18 43
454
339 84 31 118
732
521 134 77 82
200
147 30 23 16
600
453 118 29 131
800
621 139 40 172
767
594 134 39 162
230
168 42 20 27
431
316 93 22 55
982
647 243 92 161
793
498 200 95 101
910
647 174 89 111
972
637 230 105 151
766
524 175 67 99
800
530 184 86 77
782
523 182 77 90
969
723 176 70 149
175
132 27 16 19
271
215 38 18 31
907
694 178 35 181
325
255 57 13 66
941
728 155 58 170
536
396 102 38 95
867
635 140 92 126
584
428 97 59 69
234
194 22 18 19
291
192 69 30 34
217
165 27 25 25
703
511 129 63 163
124
90 18 16 8
669
504 103 62 69
603
449 103 51 115
650
533 83 34 125
229
168 45 16 21
229
168 45 16 21
229
163 52 14 19
229
163 52 14 19
229
168 45 16 21
229
164 51 14 19
229
168 45 16 21
533
382 101 50 108
927
716 158 53 202
891
638 150 103 94
385
304 52 29 49
386
303 51 32 46
386
303 51 32 46
385
304 52 29 49
386
303 51 32 46
386
303 51 32 46
391
299 56 36 45
388
300 63 25 69
278
218 51 9 36
188
141 36 11 24
841
612 146 83 91
743
576 111 56 107
736
572 109 55 107
758
581 111 66 107
737
574 111 52 114
173
132 24 17 24
782
588 125 69 134
809
514 198 97 102
721
593 76 52 83
615
459 92 64 88
615
459 95 61 85
263
186 27 50 16
410
270 67 73 17
240
184 40 16 47
790
490 183 117 82
791
507 180 104 110
503
373 80 50 53
807
514 214 79 82
835
654 151 30 174
169
149 18 2 26
230
180 42 8 34
910
659 169 82 126
767
572 139 56 110
256
187 46 23 31
748
527 155 66 118
638
453 129 56 90
838
584 158 96 128
503
358 98 47 63
700
486 144 70 89
469
337 80 52 55
557
388 106 63 61
459
330 81 48 53
544
383 103 58 63
461
331 80 50 51
561
410 126 25 157
471
351 91 29 58
195
129 44 22 17
737
557 133 47 138
540
409 99 32 93
550
421 97 32 111
415
311 69 35 85
406
307 69 30 86
522
384 94 44 105
411
310 66 35 85
703
474 135 94 94
463
354 79 30 116
144
114 23 7 24
452
302 108 42 67
854
554 226 74 115
194
141 37 16 15
982
679 162 141 102
336
268 61 7 48
196
161 28 7 32
519
408 65 46 67
622
383 140 99 49
985
739 160 86 108
165
131 22 12 12
392
270 93 29 50
900
692 166 42 178
754
552 121 81 80
143
92 33 18 10
637
481 119 37 126
319
261 39 19 38
355
246 85 24 60
251
199 37 15 84
384
268 87 29 56
511
390 99 22 145
750
486 189 75 114
884
594 211 79 150
545
385 119 41 91
578
408 121 49 93
435
320 92 23 85
910
702 159 49 146
768
488 179 101 106
757
607 95 55 116
783
631 97 55 125
775
496 190 89 109
252
166 65 21 24
250
170 57 23 38
754
502 162 90 133
971
691 156 124 84
138
111 15 12 10
493
364 81 48 51
792
618 115 59 101
932
701 151 80 109
778
607 113 58 98
880
680 132 68 125
760
495 207 58 98
566
400 129 37 94
597
401 134 62 68
391
258 87 46 55
195
128 50 17 21
443
341 73 29 79
239
150 43 46 14
354
245 87 22 55
296
208 66 22 48
279
191 62 26 36
779
584 126 69 101
751
582 135 34 177
688
454 155 79 98
285
207 48 30 31
278
203 52 23 26
510
382 91 37 74
210
133 34 43 15
348
284 38 26 37
253
187 55 11 29
507
401 98 8 118
984
688 213 83 172
990
675 217 98 145
846
600 176 70 133
979
740 193 46 207
773
490 202 81 90
386
279 79 28 55
263
180 54 29 36
590
453 110 27 154
451
315 87 49 54
841
518 191 132 83
133
94 30 9 10
133
94 30 9 10
147
108 30 9 10
147
108 30 9 10
293
210 54 29 35
811
639 135 37 179
637
498 88 51 100
469
349 93 27 55
882
624 173 85 84
579
399 108 72 42
345
254 57 34 35
677
452 149 76 91
459
315 96 48 73
727
565 131 31 127
323
237 53 33 26
517
394 63 60 41
368
241 67 60 40
515
345 75 95 36
515
345 75 95 36
515
345 75 95 36
515
345 75 95 36
515
345 75 95 36
256
186 52 18 25
984
766 160 58 188
330
253 47 30 36
795
532 168 95 103
403
323 64 16 63
379
292 56 31 50
776
624 103 49 83
798
566 158 74 86
979
682 188 109 118
787
560 157 70 88
823
576 163 84 104
846
593 178 75 91
181
145 23 13 25
402
272 87 43 37
934
698 155 81 95
483
363 97 23 87
326
236 64 26 38
490
341 92 57 55
241
176 47 18 17
325
241 49 35 46
356
264 63 29 34
651
452 137 62 88
452
332 81 39 68
668
458 148 62 87
507
357 102 48 64
505
355 103 47 64
864
605 140 119 73
253
185 51 17 26
502
341 114 47 44
890
576 233 81 101
781
487 204 90 78
484
329 109 46 72
988
727 168 93 97
593
449 101 43 83
374
276 65 33 58
935
678 193 64 147
242
172 47 23 23
843
541 210 92 101
939
588 223 128 93
869
680 135 54 136
875
683 139 53 137
438
300 95 43 75
787
505 192 90 104
869
537 208 124 83
336
229 52 55 30
778
501 181 96 109
499
326 110 63 49
234
173 44 17 26
366
266 60 40 37
964
662 204 98 179
440
337 86 17 78
156
123 27 6 30
776
555 165 56 201
930
651 206 73 153
894
639 202 53 170
683
501 140 42 132
293
226 48 19 33
746
498 183 65 139
692
524 140 28 116
695
499 154 42 180
215
147 36 32 22
987
792 152 43 176
635
473 133 29 121
342
269 49 24 67
411
306 78 27 62
249
179 47 23 39
811
539 200 72 126
895
577 211 107 120
444
285 90 69 54
379
284 74 21 57
236
163 50 23 33
992
755 146 91 125
990
690 194 106 148
258
182 65 11 43
180
139 14 27 12
352
265 71 16 64
217
163 42 12 32
852
658 155 39 179
397
308 66 23 65
334
235 77 22 56
351
249 79 23 61
778
573 162 43 123
442
327 83 32 80
825
615 129 81 84
355
269 59 27 58
740
584 108 48 91
616
459 107 50 103
754
482 176 96 103
221
150 47 24 31
290
196 59 35 42
291
193 51 47 35
213
140 37 36 23
808
688 105 15 260
235
180 32 23 23
291
201 66 24 49
430
334 80 16 79
775
611 110 54 99
936
620 201 115 117
190
153 27 10 29
494
386 81 27 92
389
294 76 19 47
331
247 61 23 46
263
215 33 15 43
762
607 133 22 195
652
516 98 38 121
838
635 150 53 131
292
200 66 26 38
492
323 117 52 53
889
561 189 139 92
847
553 205 89 130
411
269 90 52 49
417
309 74 34 71
748
486 194 68 118
892
666 188 38 234
769
552 156 61 197
264
220 35 9 65
157
123 24 10 16
514
366 116 32 88
533
370 118 45 82
688
518 129 41 164
783
519 200 64 131
916
620 210 86 132
706
500 152 54 161
371
254 74 43 41
382
278 85 19 78
787
609 157 21 192
692
530 117 45 161
302
245 44 13 55
994
785 160 49 304
336
226 76 34 47
592
452 101 39 98
781
568 165 48 118
225
167 45 13 26
773
605 126 42 161
952
725 176 51 197
773
606 125 42 161
771
588 154 29 147
343
241 87 15 55
343
240 88 15 55
939
733 138 68 129
939
733 138 68 129
939
729 143 67 128
946
736 139 71 129
939
733 138 68 129
153
123 20 10 20
142
95 26 21 4
716
517 136 63 147
736
519 150 67 131
361
288 61 12 66
136
106 20 10 18
753
548 147 58 96
881
687 139 55 148
590
429 104 57 72
595
397 112 86 81
736
491 181 64 128
668
500 130 38 121
668
500 130 38 121
209
164 38 7 31
600
455 105 40 91
601
456 103 42 92
600
456 103 41 92
600
455 105 40 91
600
455 105 40 91
642
487 108 47 93
642
487 108 47 93
180
144 27 9 19
180
144 27 9 19
191
150 31 10 23
180
144 27 9 19
191
150 31 10 23
191
150 31 10 23
191
150 31 10 23
194
150 32 12 20
401
304 76 21 84
772
491 183 98 110
886
683 176 27 220
725
522 134 69 63
294
228 42 24 34
772
505 188 79 103
514
347 107 60 58
477
358 82 37 70
764
542 152 70 112
506
379 89 38 75
906
644 196 66 233
666
489 123 54 91
724
538 130 56 117
189
151 22 16 14
803
543 179 81 137
215
145 41 29 29
148
103 29 16 21
660
518 123 19 159
535
356 124 55 68
961
730 176 55 139
673
497 140 36 138
781
520 173 88 85
998
618 254 126 98
406
298 74 34 55
341
232 66 43 47
927
730 170 27 242
597
465 108 24 168
229
184 33 12 31
428
329 73 26 48
903
718 151 34 207
578
388 124 66 69
389
262 86 41 47
535
449 71 15 134
462
319 111 32 74
655
449 156 50 98
616
408 158 50 77
292
237 48 7 47
303
219 73 11 67
804
596 165 43 186
593
434 103 56 84
500
391 88 21 105
543
407 96 40 60
849
642 143 64 114
964
638 238 88 155
933
640 200 93 92
222
155 36 31 19
145
107 30 8 31
769
508 187 74 109
586
452 102 32 153
342
228 75 39 40
494
367 78 49 54
210
138 41 31 23
800
510 187 103 89
521
390 96 35 73
525
364 106 55 66
557
440 84 33 127
784
500 186 98 100
550
434 93 23 141
371
293 51 27 25
849
656 130 63 107
759
561 161 37 181
460
302 122 36 55
978
622 248 108 119
787
510 173 104 108
536
386 94 56 84
357
279 53 25 18
611
463 113 35 110
931
605 251 75 107
703
544 118 41 109
712
511 105 96 104
703
506 134 63 101
473
366 74 33 71
473
356 83 34 54
682
500 131 51 109
499
372 99 28 71
283
227 40 16 43
889
650 182 57 169
653
521 100 32 96
662
525 101 36 95
661
528 101 32 100
644
514 100 30 95
655
521 102 32 95
655
522 102 31 97
700
459 84 157 59
447
293 36 118 29
415
319 78 18 80
778
585 115 78 72
196
153 25 18 35
401
276 75 50 66
189
143 27 19 24
988
776 170 42 200
871
570 208 93 135
440
350 69 21 104
999
624 251 124 101
366
257 85 24 59
961
688 171 102 122
964
678 188 98 115
541
399 88 54 67
611
449 101 61 83
275
226 32 17 34
813
594 116 103 49
352
255 61 36 26
768
503 192 73 122
286
210 55 21 34
308
233 57 18 39
733
510 168 55 122
669
522 114 33 120
661
538 102 21 155
699
522 149 28 220
806
561 171 74 140
464
356 77 31 64
897
671 154 72 125
581
454 98 29 103
586
412 114 60 61
529
357 122 50 62
853
524 206 123 80
896
568 223 105 105
799
516 201 82 109
803
575 149 79 115
754
574 140 40 149
711
509 116 86 70
529
408 83 38 48
155
117 29 9 21
392
314 56 22 83
264
195 51 18 35
387
291 76 20 48
272
206 44 22 29
744
497 173 74 124
733
483 187 63 128
759
490 189 80 120
187
139 33 15 26
850
560 226 64 122
799
531 198 70 108
794
522 209 63 122
485
366 89 30 61
482
352 96 34 64
146
107 23 16 15
361
258 79 24 76
951
754 147 50 212
575
409 96 70 140
332
248 53 31 31
470
374 75 21 63
359
282 60 17 72
796
489 162 145 81
418
314 80 24 69
911
638 158 115 103
768
550 145 73 96
639
421 151 67 87
515
360 120 35 80
497
361 104 32 95
493
375 83 35 86
783
501 132 150 51
232
167 50 15 33
243
166 52 25 37
969
623 245 101 134
301
253 38 10 109
636
486 110 40 207
169
139 22 8 35
775
560 154 61 121
207
155 35 17 36
606
426 124 56 101
779
502 188 89 109
605
412 133 60 89
894
596 215 83 153
657
522 97 38 92
321
235 57 29 38
455
323 78 54 59
255
193 45 17 29
166
105 32 29 10
204
163 27 14 28
744
567 141 36 138
819
607 163 49 95
414
318 60 36 45
187
162 17 8 14
986
639 241 106 134
776
488 202 86 96
970
621 243 106 123
396
292 75 29 78
986
655 238 93 153
450
327 78 45 82
276
217 47 12 35
154
95 27 32 7
685
538 126 21 156
800
525 90 185 41
682
526 134 22 155
653
516 102 35 147
323
231 71 21 56
355
263 57 35 48
355
263 57 35 48
355
260 60 35 48
355
260 60 35 48
355
263 57 35 48
354
258 61 35 48
354
262 57 35 48
377
263 83 31 59
201
155 39 7 37
878
579 216 83 126
599
458 90 51 84
177
121 38 18 27
151
102 34 15 18
253
205 42 6 60
571
406 113 52 61
850
652 138 60 133
710
513 133 64 154
685
509 129 47 162
764
486 169 109 101
172
148 17 7 19
106
73 30 3 13
758
545 132 81 135
371
268 76 27 57
177
143 27 7 33
690
539 108 43 115
258
181 65 12 45
991
787 160 44 149
991
787 160 44 149
206
143 36 27 28
223
187 18 18 34
657
487 121 49 110
463
355 78 30 84
723
524 140 59 118
1000
743 187 70 271
267
193 51 23 30
686
467 143 76 120
887
572 184 131 129
700
478 137 85 120
489
347 102 40 105
440
297 93 50 59
412
301 66 45 96
724
493 145 86 129
188
130 48 10 32
918
661 173 84 191
276
201 59 16 45
999
762 148 89 157
999
762 148 89 157
540
367 117 56 87
446
290 109 47 49
280
209 50 21 55
620
410 134 76 63
688
519 126 43 127
889
689 149 51 185
965
620 259 86 131
216
157 42 17 33
720
544 119 57 103
725
546 119 60 101
721
545 120 56 102
726
539 131 56 97
725
540 129 56 98
310
229 55 26 46
643
457 130 56 75
995
674 231 90 132
651
499 116 36 83
575
396 125 54 100
735
568 123 44 103
816
602 161 53 123
874
655 158 61 143
555
449 74 32 95
606
488 83 35 115
862
647 160 55 144
843
614 173 56 129
892
636 170 86 111
318
247 55 16 57
184
142 32 10 20
400
307 65 28 51
157
122 26 9 43
707
523 127 57 92
690
538 120 32 137
274
212 49 13 30
188
132 42 14 22
152
117 29 6 39
588
449 88 51 89
575
447 85 43 102
591
388 121 82 80
637
485 108 44 101
690
523 118 49 112
641
488 109 44 101
641
489 112 40 97
218
158 31 29 39
221
155 48 18 40
626
472 122 32 138
313
238 69 6 93
449
333 71 45 55
239
149 49 41 13
778
496 203 79 104
923
613 220 90 127
928
621 231 76 123
928
624 225 79 126
654
460 126 68 58
291
198 62 31 44
308
212 68 28 36
996
653 230 113 143
924
639 203 82 175
511
356 96 59 47
748
539 129 80 75
569
460 71 38 85
218
155 46 17 44
199
157 26 16 24
100
86 11 3 12
811
549 186 76 123
893
586 214 93 126
899
603 206 90 136
897
563 215 119 92
124
89 27 8 26
499
313 86 100 29
522
389 82 51 56
532
393 86 53 62
885
643 188 54 112
691
483 166 42 142
201
126 43 32 12
630
417 127 86 70
197
140 37 20 16
239
184 29 26 27
859
621 153 85 103
250
201 31 18 34
865
650 172 43 150
257
171 50 36 25
970
638 193 139 133
795
552 185 58 148
671
542 100 29 187
923
653 152 118 115
543
368 115 60 65
748
558 144 46 163
969
724 169 76 142
847
615 147 85 116
228
195 23 10 54
267
216 29 22 35
122
105 11 6 17
124
107 11 6 17
949
701 191 57 301
504
356 110 38 53
268
174 50 44 19
221
174 37 10 22
981
639 240 102 147
503
349 91 63 105
380
294 64 22 118
730
496 171 63 151
463
327 82 54 99
311
195 82 34 19
392
257 92 43 41
457
341 67 49 46
368
253 85 30 62
810
519 194 97 113
728
578 118 32 135
241
155 60 26 21
894
643 193 58 83
257
191 41 25 32
671
518 108 45 95
649
503 107 39 91
640
485 110 45 87
792
509 191 92 108
377
268 90 19 77
340
223 81 36 35
360
244 80 36 49
882
561 222 99 95
101
80 14 7 8
270
205 49 16 40
665
487 122 56 89
921
674 194 53 188
161
105 29 27 16
489
321 101 67 65
332
272 37 23 38
406
292 80 34 73
829
611 163 55 151
621
497 87 37 86
176
129 30 17 13
201
128 41 32 11
746
588 121 37 170
789
613 143 33 182
711
556 126 29 151
842
546 188 108 109
859
559 196 104 115
566
412 112 42 66
303
248 38 17 45
244
178 48 18 35
921
704 154 63 106
796
508 192 96 99
318
225 60 33 32
344
229 83 32 40
638
465 115 58 93
685
488 126 71 98
495
342 84 69 58
538
404 101 33 91
544
402 95 47 90
510
386 98 26 89
577
392 116 69 72
499
377 97 25 90
509
386 98 25 97
176
136 28 12 21
858
570 202 86 138
391
289 70 32 38
400
298 76 26 80
794
539 170 85 102
850
568 212 70 132
814
512 149 153 83
334
245 60 29 62
368
283 69 16 62
892
694 168 30 201
225
182 30 13 32
983
735 171 77 118
733
539 148 46 126
746
533 145 68 101
686
541 116 29 154
578
401 117 60 66
678
549 118 11 188
153
110 31 12 32
523
372 94 57 59
547
396 88 63 52
276
197 57 22 34
811
633 124 54 114
331
260 58 13 63
616
475 104 37 130
390
300 60 30 40
785
487 164 134 78
345
238 68 39 44
188
139 39 10 18
281
202 58 21 61
879
654 168 57 152
187
138 31 18 26
497
407 78 12 143
940
663 151 126 107
464
329 79 56 72
170
138 20 12 21
170
138 20 12 21
650
485 125 40 93
971
725 158 88 96
200
138 36 26 21
143
113 17 13 13
544
431 89 24 126
269
211 35 23 55
190
154 27 9 35
538
376 115 47 82
807
615 132 60 109
783
602 127 54 105
723
520 154 49 116
206
155 29 22 24
399
250 98 51 46
771
572 139 60 114
135
86 29 20 7
623
485 106 32 123
792
489 199 104 78
812
612 119 81 102
205
145 46 14 39
490
359 85 46 76
250
201 37 12 43
220
173 37 10 57
524
403 89 32 91
669
495 125 49 112
611
473 106 32 100
920
622 213 85 174
962
724 194 44 282
881
672 166 43 215
917
683 180 54 199
890
676 168 46 209
873
668 169 36 216
883
659 171 53 186
186
146 14 26 18
443
326 82 35 51
297
211 60 26 40
337
257 51 29 32
318
217 59 42 18
822
590 171 61 163
955
697 154 104 107
183
152 16 15 17
242
175 42 25 28
675
531 106 38 121
443
320 74 49 55
550
448 71 31 106
860
624 146 90 142
312
225 64 23 41
775
617 128 30 145
910
714 152 44 291
906
670 187 49 197
987
788 167 32 275
169
114 41 14 23
183
129 30 24 19
264
204 43 17 34
264
204 43 17 34
264
204 43 17 34
248
188 43 17 34
248
188 43 17 34
477
371 84 22 99
781
516 130 135 74
982
682 230 70 186
976
681 232 63 179
954
684 204 66 197
964
680 174 110 183
950
689 204 57 213
923
667 201 55 200
242
171 52 19 24
388
292 61 35 45
157
120 22 15 18
212
152 42 18 23
335
240 71 24 89
890
642 166 82 82
659
417 109 133 40
522
404 91 27 175
185
145 22 18 10
240
182 42 16 24
833
566 150 117 130
920
680 160 80 110
600
488 76 36 86
601
480 84 37 85
601
481 86 34 83
388
294 59 35 47
942
584 245 113 83
934
626 211 97 167
912
577 217 118 102
659
424 151 84 63
783
607 137 39 163
583
422 104 57 72
624
419 151 54 93
836
636 133 67 84
860
619 142 99 80
451
315 89 47 62
499
354 101 44 79
440
306 74 60 57
550
429 91 30 117
882
640 152 90 111
251
201 28 22 23
824
573 161 90 99
492
404 60 28 79
745
585 118 42 129
484
379 74 31 60
127
107 12 8 16
800
495 199 106 75
312
228 66 18 73
105
68 22 15 4
858
673 138 47 157
235
180 40 15 23
429
339 59 31 69
342
232 69 41 50
445
319 81 45 80
866
646 146 74 98
687
497 131 59 89
561
409 92 60 72
218
154 36 28 15
218
154 36 28 15
218
154 36 28 15
328
218 59 51 23
328
218 59 51 23
574
455 85 34 121
773
592 144 37 144
605
407 130 68 88
1000
