0 43
1 0
2 0
3 0
4 7
5 11
6 32
7 36
8 56
9 41
10 35
11 45
12 37
13 33
14 21
15 27
16 12
17 17
18 17
19 6
20 7
21 8
22 6
23 12
24 11
25 11
26 6
27 4
28 15
29 7
30 5
31 6
32 8
33 3
34 7
35 3
36 6
37 13
38 6
39 7
40 9
41 9
42 10
43 9
44 11
45 8
46 11
47 7
48 13
49 11
50 6
51 6
52 10
53 6
54 12
55 6
56 11
57 8
58 10
59 8
60 8
61 4
62 6
63 7
64 9
65 8
66 11
67 6
68 4
69 10
70 8
71 10
72 5
73 4
74 7
75 10
76 3
77 2
78 4
79 4
