979
636 1324
878
320 1448
169
40 297
650
90 1209
375
30 719
747
562 936
593
72 1113
768
68 1467
637
116 1159
981
390 1574
562
488 643
239
198 281
216
48 383
174
22 325
409
92 725
292
68 515
571
348 810
118
0 235
808
98 1517
536
82 997
534
28 1039
253
174 331
760
80 1453
638
144 1134
332
216 459
375
222 539
470
276 675
332
216 459
332
216 459
388
260 527
856
104 1615
540
316 768
486
292 680
671
312 1030
548
338 762
125
70 179
317
22 611
994
534 1454
317
250 383
243
0 485
126
22 229
658
288 1027
828
344 1311
162
0 323
964
516 1418
440
264 626
430
282 581
423
234 622
433
272 594
258
46 470
743
102 1390
794
118 1476
233
190 275
690
152 1237
788
98 1477
863
432 1294
348
50 645
329
244 422
886
566 1218
760
484 1041
987
180 1810
785
128 1441
291
0 581
291
0 581
291
0 581
291
0 581
291
0 581
290
238 341
228
146 309
331
130 531
522
78 965
839
740 955
713
122 1305
734
108 1361
801
108 1495
769
96 1451
763
118 1417
846
348 1348
402
28 775
877
140 1613
689
110 1267
140
34 245
166
166 167
763
164 1373
948
306 1592
336
186 485
222
0 443
284
24 543
284
24 543
284
24 543
489
342 635
284
24 543
284
24 543
284
24 543
454
50 857
732
428 1035
200
148 251
600
102 1100
800
128 1471
767
442 1106
230
166 293
431
288 574
982
446 1520
793
526 1076
910
140 1679
972
320 1624
766
352 1182
800
352 1250
782
348 1217
969
146 1796
175
160 189
271
0 541
907
92 1721
325
24 625
941
136 1745
536
306 770
867
112 1631
584
412 761
234
48 419
291
22 559
217
200 235
703
256 1159
124
58 190
669
106 1231
603
204 1005
650
528 783
229
204 254
229
204 254
229
180 277
229
180 277
229
204 254
229
22 435
229
22 435
533
126 941
927
216 1648
891
550 1248
385
404 371
386
26 745
386
26 745
385
404 371
386
26 745
386
26 745
391
26 755
388
22 753
278
264 291
188
114 265
841
582 1100
743
82 1403
736
82 1389
758
82 1433
737
82 1391
173
104 241
782
378 1189
809
154 1463
721
52 1397
615
482 764
615
74 1155
263
0 525
410
88 736
240
74 405
790
82 1497
791
236 1352
503
404 601
807
272 1341
835
124 1545
169
210 128
230
0 459
910
150 1669
767
100 1433
256
46 465
748
336 1161
638
50 1225
838
72 1603
503
84 921
700
344 1057
469
58 879
557
76 1037
459
58 859
544
54 1033
461
58 863
561
46 1075
471
306 637
195
42 347
737
512 964
540
376 710
550
80 1019
415
58 771
406
58 753
522
58 985
411
58 763
703
220 1196
463
88 837
144
98 190
452
76 827
854
72 1638
194
0 387
982
528 1435
336
372 302
196
0 391
519
68 969
622
102 1141
985
812 1166
165
0 329
392
220 564
900
592 1214
754
590 931
143
0 285
637
408 878
319
30 607
355
134 576
251
0 501
384
68 699
511
238 792
750
278 1222
884
106 1667
545
202 887
578
218 937
435
22 847
910
618 1201
768
98 1437
757
674 845
783
694 877
775
220 1334
252
74 429
250
80 419
754
242 1265
971
648 1294
138
214 64
493
356 641
792
668 929
932
690 1187
778
668 901
880
668 1105
760
168 1361
566
66 1065
597
138 1055
391
28 753
195
46 343
443
338 547
239
22 455
354
48 659
296
76 515
279
58 499
779
100 1457
751
74 1437
688
116 1266
285
60 516
278
22 533
510
60 959
210
54 365
348
410 286
253
174 332
507
218 797
984
626 1356
990
604 1391
846
134 1557
979
578 1390
773
70 1475
386
154 618
263
104 421
590
342 837
451
46 855
841
128 1553
133
96 170
133
96 170
147
0 293
147
0 293
293
230 355
811
154 1469
637
474 801
469
342 595
882
744 1023
579
46 1111
345
44 645
677
90 1270
459
68 856
727
488 967
323
34 611
517
570 465
368
26 709
515
48 981
515
48 981
515
280 753
515
280 753
515
280 753
256
44 467
984
598 1371
330
74 585
795
206 1389
403
376 433
379
56 701
776
96 1459
798
56 1539
979
478 1482
787
56 1517
823
456 1196
846
116 1575
181
0 361
402
218 588
934
144 1723
483
278 687
326
224 437
490
340 646
241
222 263
325
32 617
356
30 681
651
382 920
452
66 843
668
66 1269
507
366 648
505
344 665
864
214 1517
253
134 373
502
362 641
890
430 1351
781
122 1439
484
218 750
988
204 1771
593
376 809
374
262 491
935
108 1761
242
136 349
843
120 1565
939
316 1561
869
190 1547
875
190 1559
438
74 801
787
74 1499
869
98 1639
336
164 509
778
158 1397
499
158 841
234
140 329
366
302 434
964
164 1763
440
52 827
156
76 237
776
80 1471
930
100 1767
894
100 1695
683
222 1146
293
266 319
746
138 1353
692
148 1242
695
88 1301
215
62 367
987
760 1219
635
110 1169
342
148 535
411
64 757
249
26 471
811
108 1516
895
120 1669
444
144 753
379
304 458
236
118 356
992
738 1251
990
394 1588
258
224 292
180
0 359
352
26 677
217
22 411
852
522 1181
397
44 749
334
56 611
351
178 524
778
428 1131
442
36 847
825
128 1521
355
190 519
740
68 1411
616
308 926
754
230 1290
221
22 419
290
100 482
291
22 559
213
22 403
808
102 1513
235
56 421
291
126 456
430
322 541
775
770 781
936
138 1740
190
0 379
494
56 931
389
354 426
331
212 456
263
42 485
762
34 1489
652
68 1235
838
434 1241
292
102 481
492
166 818
889
210 1577
847
272 1426
411
58 763
417
256 582
748
148 1347
892
164 1624
769
176 1367
264
150 384
157
142 173
514
88 948
533
86 988
688
234 1143
783
96 1469
916
266 1568
706
566 851
371
32 709
382
54 709
787
442 1136
692
300 1091
302
22 581
994
318 1669
336
124 552
592
48 1143
781
78 1483
225
142 307
773
450 1097
952
120 1785
773
454 1093
771
470 1079
343
90 596
343
90 596
939
892 993
939
892 993
939
886 999
946
892 1007
939
892 993
153
0 305
142
22 261
716
328 1114
736
328 1154
361
186 544
136
102 171
753
150 1363
881
142 1621
590
420 762
595
304 885
736
100 1371
668
362 975
668
362 975
209
176 242
600
312 888
601
306 896
600
306 894
600
312 888
600
312 888
642
98 1195
642
98 1195
180
196 163
180
196 163
191
22 359
180
196 163
191
22 359
191
22 359
191
22 359
194
22 365
401
158 644
772
106 1437
886
134 1637
725
542 913
294
58 529
772
140 1407
514
260 769
477
368 586
764
458 1073
506
370 642
906
114 1698
666
102 1239
724
152 1305
189
0 377
803
114 1493
215
108 322
148
0 295
660
74 1245
535
26 1043
961
580 1348
673
234 1111
781
374 1188
998
180 1816
406
228 583
341
22 659
927
272 1581
597
280 915
229
22 435
428
304 557
903
118 1699
578
344 815
389
182 595
535
514 562
462
28 895
655
74 1245
616
60 1171
292
30 553
303
162 445
804
276 1331
593
284 906
500
72 930
543
148 942
849
618 1081
964
210 1717
933
192 1673
222
0 443
145
22 267
769
130 1407
586
52 1119
342
126 565
494
106 885
210
0 419
800
122 1484
521
424 619
525
48 1001
557
224 890
784
102 1465
550
52 1047
371
24 717
849
130 1567
759
114 1403
460
50 869
978
256 1699
787
104 1469
536
52 1019
357
432 281
611
52 1169
931
146 1715
703
602 804
712
432 995
703
414 996
473
378 570
473
416 532
682
386 980
499
418 580
283
268 298
889
136 1641
653
788 536
662
788 554
661
794 546
644
784 522
655
794 534
655
784 544
700
408 1007
447
292 608
415
232 600
778
100 1455
196
138 255
401
52 749
189
24 353
988
626 1355
871
102 1639
440
244 636
999
116 1881
366
164 570
961
140 1791
964
120 1827
541
44 1037
611
72 1149
275
64 485
813
110 1515
352
80 623
768
384 1160
286
186 385
308
258 359
733
144 1321
669
160 1177
661
130 1198
699
120 1279
806
428 1183
464
328 600
897
154 1647
581
100 1061
586
120 1056
529
252 808
853
48 1657
896
258 1536
799
134 1463
803
368 1242
754
134 1383
711
452 973
529
424 636
155
26 283
392
96 687
264
128 399
387
170 604
272
246 299
744
80 1407
733
236 1240
759
206 1311
187
22 351
850
142 1567
799
112 1485
794
106 1481
485
400 571
482
138 825
146
22 269
361
168 553
951
112 1797
575
126 1023
332
252 413
470
74 870
359
68 653
796
118 1473
418
168 667
911
348 1473
768
430 1107
639
272 1010
515
244 785
497
230 763
493
404 581
783
144 1427
232
130 333
243
52 433
969
190 1752
301
0 601
636
96 1186
169
166 174
775
242 1307
207
50 370
606
406 810
779
176 1381
605
270 942
894
248 1546
657
78 1237
321
24 617
455
90 819
255
32 477
166
0 331
204
0 407
744
436 1054
819
706 931
414
22 805
187
226 147
986
638 1337
776
406 1146
970
306 1635
396
0 791
986
182 1796
450
22 877
276
22 529
154
34 273
685
522 853
800
544 1058
682
104 1259
653
74 1233
323
160 486
355
266 445
355
266 445
355
236 475
355
236 475
355
266 445
354
46 661
354
46 661
377
0 753
201
28 373
878
138 1617
599
76 1121
177
22 331
151
66 235
253
192 315
571
78 1071
850
680 1026
710
246 1178
685
254 1120
764
132 1413
172
0 343
106
44 167
758
320 1197
371
0 741
177
164 195
690
496 884
258
96 419
991
744 1255
991
744 1255
206
78 340
223
262 185
657
416 899
463
326 602
723
74 1371
1000
110 1895
267
162 371
686
82 1289
887
184 1592
700
86 1313
489
108 869
440
52 827
412
124 699
724
74 1373
188
54 321
918
166 1670
276
22 529
999
104 1893
999
104 1893
540
24 1055
446
184 708
280
22 537
620
108 1131
688
84 1300
889
104 1681
965
148 1785
216
0 431
720
434 1006
725
434 1016
721
434 1008
726
416 1035
725
416 1033
310
132 487
643
80 1205
995
188 1801
651
460 843
575
78 1071
735
78 1391
816
112 1519
874
466 1288
555
406 710
606
378 840
862
434 1297
843
570 1132
892
464 1322
318
196 439
184
26 341
400
52 747
157
100 213
707
598 825
690
90 1289
274
42 505
188
30 345
152
22 281
588
110 1065
575
286 865
591
80 1101
637
472 805
690
484 899
641
480 805
641
480 805
218
120 317
221
140 302
626
82 1188
313
26 599
449
286 619
239
106 372
778
300 1266
923
130 1725
928
456 1402
928
454 1405
654
484 824
291
56 525
308
120 496
996
122 1869
924
358 1494
511
220 802
748
120 1375
569
424 715
218
58 377
199
0 397
100
120 79
811
96 1525
893
158 1637
899
132 1673
897
192 1608
124
60 189
499
194 805
522
22 1021
532
22 1041
885
678 1093
691
196 1191
201
24 377
630
298 981
197
124 269
239
238 244
859
94 1623
250
52 454
865
100 1638
257
22 491
970
414 1552
795
106 1484
671
286 1068
923
512 1341
543
168 918
748
172 1324
969
166 1776
847
148 1545
228
176 281
267
298 239
122
170 75
124
174 75
949
550 1360
504
72 944
268
132 414
221
26 415
981
482 1479
503
96 909
380
74 685
730
78 1381
463
154 774
311
98 523
392
142 647
457
460 456
368
80 659
810
158 1465
728
52 1403
241
58 423
894
670 1118
257
0 513
671
502 843
649
538 773
640
420 865
792
144 1439
377
166 587
340
110 569
360
68 651
882
176 1597
101
138 63
270
0 539
665
104 1225
921
128 1713
161
24 297
489
54 923
332
386 278
406
28 783
829
370 1289
621
452 795
176
22 329
201
94 307
746
122 1369
789
150 1437
711
434 990
842
146 1544
859
170 1554
566
432 702
303
0 605
244
62 427
921
150 1697
796
548 1047
318
196 458
344
24 663
638
82 1193
685
124 1249
495
230 759
538
98 977
544
128 959
510
98 921
577
246 907
499
98 899
509
98 919
176
92 259
858
116 1599
391
404 378
400
128 672
794
160 1428
850
246 1453
814
128 1499
334
34 633
368
136 601
892
194 1599
225
24 425
983
856 1113
733
340 1126
746
88 1403
686
506 870
578
52 1103
678
220 1137
153
66 239
523
348 699
547
284 809
276
68 484
811
524 1101
331
328 336
616
72 1169
390
336 457
785
108 1461
345
194 497
188
32 343
281
52 509
879
502 1259
187
112 261
497
188 806
940
244 1635
464
48 879
170
162 180
170
22 317
650
82 1217
971
176 1765
200
104 295
143
148 137
544
234 853
269
22 515
190
168 217
538
238 839
807
112 1501
783
158 1407
723
314 1131
206
160 253
399
104 693
771
388 1161
135
22 247
623
338 912
792
82 1511
812
740 887
205
54 355
490
50 929
250
190 309
220
74 365
524
320 731
669
118 1224
611
434 790
920
412 1433
962
330 1597
881
476 1293
917
476 1365
890
476 1311
873
476 1277
883
128 1637
186
158 213
443
302 584
297
176 421
337
296 380
318
26 609
822
314 1336
955
580 1333
183
184 182
242
138 345
675
492 864
443
46 839
550
72 1027
860
412 1310
312
166 459
775
82 1467
910
124 1705
906
368 1452
987
218 1763
169
22 315
183
68 299
264
220 308
264
220 308
264
220 308
248
0 495
248
0 495
477
122 846
781
136 1425
982
142 1821
976
138 1813
954
440 1473
964
452 1481
950
452 1453
923
402 1450
242
176 309
388
44 731
157
30 283
212
106 323
335
124 548
890
628 1158
659
120 1201
522
76 967
185
0 369
240
210 271
833
76 1589
920
726 1117
600
656 554
601
626 583
601
626 586
388
26 749
942
270 1620
934
160 1707
912
230 1593
659
190 1131
783
326 1242
583
50 1115
624
106 1141
836
116 1555
860
560 1164
451
44 857
499
116 882
440
24 855
550
352 750
882
568 1200
251
0 501
824
104 1543
492
90 893
745
146 1349
484
370 598
127
162 93
800
204 1396
312
22 601
105
36 173
858
666 1052
235
22 447
429
48 809
342
46 637
445
234 657
866
722 1020
687
124 1256
561
360 766
218
52 383
218
52 383
218
52 383
328
238 422
328
238 422
574
428 723
773
144 1403
605
184 1025
