979
736 1225
878
428 1333
169
44 293
650
210 1102
375
32 717
747
690 814
593
182 1013
768
164 1371
637
174 1101
981
494 1470
562
570 563
239
252 229
216
62 369
174
50 306
409
114 703
292
108 480
571
420 742
118
0 235
808
232 1383
536
122 953
534
120 951
253
188 318
760
154 1370
638
240 1036
332
330 341
375
334 423
470
400 547
332
330 341
332
330 341
388
352 431
856
222 1507
540
382 703
486
350 624
671
398 953
548
386 715
125
96 153
317
84 552
994
674 1323
317
338 296
243
22 463
126
28 223
658
402 926
828
484 1194
162
0 323
964
678 1257
440
354 526
430
336 527
423
294 556
433
304 562
258
76 446
743
188 1307
794
184 1409
233
246 223
690
232 1151
788
172 1403
863
572 1166
348
56 639
329
286 371
886
778 995
760
602 927
987
270 1722
785
164 1405
291
44 537
291
44 537
291
44 537
291
44 537
291
44 537
290
248 331
228
182 276
331
222 447
522
116 927
839
880 811
713
210 1229
734
162 1319
801
162 1453
769
156 1394
763
196 1346
846
500 1200
402
78 725
877
268 1493
689
214 1174
140
58 221
166
176 158
763
230 1314
948
604 1300
336
268 405
222
44 399
284
48 519
284
48 519
284
48 519
489
404 585
284
48 519
284
48 519
284
48 519
454
100 807
732
576 898
200
178 221
600
134 1066
800
200 1410
767
638 899
230
234 228
431
366 505
982
566 1397
793
688 899
910
252 1572
972
516 1431
766
496 1042
800
468 1131
782
500 1072
969
286 1651
175
170 179
271
44 507
907
194 1624
325
130 524
941
236 1655
536
392 685
867
284 1449
584
486 690
234
52 415
291
50 531
217
252 187
703
330 1079
124
62 187
669
154 1188
603
350 870
650
638 666
229
240 219
229
240 219
229
216 242
229
216 242
229
240 219
229
98 359
229
98 359
533
234 835
927
366 1490
891
696 1098
385
418 359
386
98 683
386
98 683
385
418 359
386
98 683
386
98 683
391
102 680
388
48 727
278
302 253
188
146 233
841
738 947
743
208 1279
736
208 1265
758
204 1312
737
186 1289
173
110 235
782
558 1009
809
254 1373
721
126 1315
615
612 627
615
116 1114
263
72 453
410
102 722
240
150 330
790
164 1418
791
300 1287
503
516 492
807
380 1234
835
214 1455
169
222 116
230
0 459
910
342 1484
767
248 1288
256
78 433
748
510 988
638
198 1102
838
206 1471
503
92 913
700
478 928
469
106 837
557
126 987
459
106 817
544
148 942
461
106 821
561
124 1003
471
394 548
195
66 323
737
630 844
540
442 641
550
134 965
415
66 763
406
88 723
522
134 909
411
66 755
703
340 1068
463
98 827
144
128 161
452
140 766
854
240 1473
194
46 348
982
774 1211
336
406 274
196
0 391
519
152 887
622
158 1086
985
1082 887
165
0 329
392
340 450
900
744 1056
754
690 831
143
22 263
637
550 740
319
32 605
355
228 482
251
46 455
384
126 641
511
338 692
750
388 1125
884
278 1494
545
270 820
578
326 829
435
72 797
910
778 1042
768
210 1325
757
830 696
783
850 728
775
308 1247
252
80 423
250
110 389
754
290 1229
971
886 1068
138
224 54
493
492 499
792
840 753
932
892 978
778
840 725
880
858 910
760
330 1198
566
106 1025
597
184 1015
391
94 687
195
50 339
443
388 497
239
26 451
354
78 635
296
106 485
279
106 451
779
180 1377
751
134 1368
688
214 1161
285
64 512
278
48 507
510
86 933
210
58 361
348
472 227
253
204 304
507
396 621
984
730 1254
990
724 1268
846
200 1491
979
702 1262
773
152 1395
386
238 534
263
132 393
590
472 721
451
122 779
841
240 1444
133
120 154
133
120 154
147
22 271
147
22 271
293
256 330
811
236 1401
637
578 698
469
450 492
882
826 945
579
150 1010
345
92 611
677
210 1152
459
160 766
727
626 829
323
80 565
517
628 407
368
52 683
515
72 957
515
72 957
515
374 657
515
374 657
515
374 657
256
78 433
984
758 1214
330
146 515
795
286 1310
403
418 392
379
62 695
776
236 1325
798
206 1410
979
612 1355
787
206 1388
823
568 1095
846
206 1506
181
0 361
402
254 552
934
340 1534
483
344 633
326
294 361
490
412 583
241
274 209
325
56 593
356
54 657
651
440 866
452
132 779
668
160 1183
507
412 609
505
382 631
864
278 1456
253
216 292
502
404 604
890
520 1263
781
186 1375
484
282 694
988
278 1700
593
554 638
374
300 456
935
298 1576
242
180 303
843
286 1411
939
528 1351
869
294 1451
875
294 1463
438
110 773
787
166 1409
869
240 1498
336
198 475
778
230 1325
499
212 787
234
220 248
366
366 373
964
284 1646
440
80 799
156
78 235
776
232 1323
930
204 1661
894
276 1517
683
344 1025
293
360 238
746
234 1257
692
230 1160
695
164 1230
215
92 346
987
996 981
635
240 1036
342
226 459
411
90 738
249
116 388
811
196 1426
895
240 1553
444
216 685
379
380 381
236
124 350
992
788 1205
990
618 1366
258
244 274
180
46 313
352
100 610
217
26 407
852
670 1033
397
118 676
334
118 549
351
210 497
778
584 979
442
64 819
825
276 1380
355
234 482
740
196 1284
616
376 868
754
292 1219
221
70 376
290
126 456
291
70 511
213
46 379
808
182 1437
235
60 412
291
158 428
430
378 486
775
916 635
936
320 1576
190
24 355
494
192 806
389
448 335
331
256 406
263
92 435
762
202 1322
652
224 1092
838
606 1077
292
128 461
492
216 772
889
356 1440
847
364 1338
411
62 759
417
338 501
748
276 1234
892
264 1534
769
358 1193
264
252 292
157
152 164
514
142 895
533
116 954
688
386 995
783
162 1403
916
372 1463
706
648 766
371
56 691
382
150 613
787
568 1011
692
394 999
302
46 557
994
540 1459
336
194 480
592
66 1117
781
158 1408
225
182 268
773
520 1027
952
228 1679
773
526 1021
771
612 929
343
136 550
343
136 550
939
1098 793
939
1098 793
939
1090 800
946
1098 807
939
1098 793
153
0 305
142
68 215
716
402 1031
736
402 1071
361
252 475
136
134 144
753
168 1346
881
234 1533
590
484 698
595
414 786
736
196 1279
668
462 885
668
462 885
209
206 212
600
430 770
601
444 768
600
444 766
600
430 770
600
430 770
642
114 1179
642
114 1179
180
254 105
180
254 105
191
48 333
180
254 105
191
48 333
191
48 333
191
48 333
194
48 339
401
292 513
772
206 1346
886
224 1563
725
628 835
294
90 497
772
252 1309
514
324 707
477
378 575
764
602 939
506
380 631
906
210 1607
666
160 1180
724
194 1261
189
22 355
803
232 1382
215
140 295
148
0 295
660
248 1084
535
98 976
961
774 1148
673
376 976
781
542 1031
998
358 1642
406
288 524
341
46 635
927
426 1434
597
372 829
229
28 429
428
382 478
903
234 1577
578
380 781
389
204 592
535
592 487
462
100 826
655
218 1107
616
170 1065
292
76 516
303
220 390
804
392 1217
593
436 757
500
152 857
543
188 903
849
820 887
964
274 1659
933
300 1574
222
68 378
145
32 260
769
216 1330
586
148 1027
342
184 500
494
160 844
210
52 367
800
274 1340
521
562 493
525
78 971
557
342 783
784
236 1341
550
182 921
371
92 657
849
194 1507
759
224 1306
460
104 815
978
450 1513
787
180 1400
536
78 993
357
468 247
611
150 1083
931
236 1629
703
728 683
712
534 893
703
540 865
473
466 483
473
484 463
682
476 889
499
494 506
283
364 204
889
230 1552
653
882 448
662
882 466
661
888 457
644
874 438
655
884 450
655
874 460
700
618 811
447
402 501
415
242 590
778
138 1417
196
154 240
401
94 713
189
28 349
988
700 1277
871
232 1517
440
302 582
999
308 1696
366
232 510
961
348 1594
964
314 1634
541
118 966
611
148 1079
275
68 481
813
174 1460
352
140 574
768
526 1011
286
248 325
308
310 311
733
244 1227
669
232 1111
661
186 1138
699
266 1132
806
612 1001
464
392 537
897
302 1493
581
204 973
586
164 1014
529
324 736
853
206 1511
896
448 1346
799
238 1368
803
536 1075
754
168 1349
711
480 942
529
560 498
155
28 281
392
118 665
264
214 316
387
284 496
272
256 288
744
290 1201
733
300 1190
759
288 1238
187
36 337
850
224 1480
799
230 1370
794
228 1366
485
440 530
482
240 733
146
56 236
361
200 522
951
242 1660
575
156 993
332
306 358
470
106 838
359
78 646
796
218 1383
418
264 572
911
498 1324
768
598 942
639
292 991
515
324 714
497
308 694
493
468 532
783
250 1324
232
136 327
243
82 403
969
288 1650
301
72 529
636
84 1188
169
200 141
775
366 1185
207
80 343
606
430 788
779
268 1293
605
316 911
894
398 1397
657
186 1133
321
96 555
455
134 777
255
56 457
166
46 285
204
44 364
744
586 911
819
862 775
414
106 726
187
262 111
986
878 1111
776
484 1068
970
388 1558
396
24 767
986
254 1717
450
70 829
276
70 481
154
36 271
685
682 697
800
670 945
682
142 1229
653
210 1117
323
190 456
355
320 392
355
320 392
355
314 397
355
314 397
355
320 392
354
96 613
354
96 613
377
22 731
201
38 363
878
316 1462
599
192 1014
177
68 296
151
94 207
253
246 266
571
128 1019
850
804 901
710
396 1033
685
346 1029
764
240 1293
172
46 297
106
56 156
758
452 1073
371
66 675
177
198 163
690
716 676
258
128 387
991
920 1071
991
920 1071
206
60 351
223
314 137
657
480 841
463
390 537
723
126 1322
1000
232 1780
267
220 313
686
136 1242
887
290 1493
700
142 1264
489
236 745
440
78 808
412
178 649
724
152 1302
188
74 308
918
184 1653
276
70 489
999
228 1769
999
228 1769
540
100 979
446
286 606
280
46 514
620
120 1119
688
202 1183
889
182 1595
965
260 1674
216
66 365
720
624 817
725
624 827
721
624 819
726
594 858
725
594 856
310
192 427
643
160 1125
995
286 1705
651
512 791
575
168 982
735
132 1337
816
214 1436
874
672 1089
555
564 561
606
554 670
862
666 1074
843
690 1006
892
500 1285
318
236 401
184
50 317
400
64 735
157
114 201
707
714 710
690
178 1204
274
112 444
188
32 343
152
24 279
588
172 1013
575
390 759
591
124 1057
637
522 753
690
556 824
641
530 752
641
550 732
218
164 274
221
170 273
626
170 1081
313
72 553
449
412 488
239
108 379
778
326 1230
923
278 1577
928
532 1326
928
534 1325
654
564 749
291
156 435
308
148 475
996
288 1717
924
456 1399
511
276 746
748
228 1269
569
568 584
218
110 336
199
0 397
100
126 73
811
230 1408
893
268 1539
899
262 1537
897
248 1550
124
66 184
499
276 726
522
100 943
532
94 969
885
740 1031
691
370 1021
201
26 375
630
342 926
197
158 235
239
242 239
859
220 1501
250
58 449
865
268 1483
257
46 467
970
524 1448
795
182 1407
671
372 986
923
646 1214
543
280 805
748
232 1265
969
252 1701
847
230 1468
228
206 251
267
324 215
122
178 67
124
182 67
949
646 1259
504
168 839
268
142 394
221
52 389
981
548 1413
503
156 852
380
106 653
730
156 1311
463
252 686
311
160 469
392
194 594
457
556 359
368
94 646
810
286 1342
728
194 1261
241
86 398
894
844 948
257
48 465
671
596 755
649
628 675
640
568 713
792
264 1320
377
226 528
340
138 548
360
98 627
882
242 1527
101
162 39
270
46 493
665
206 1123
921
218 1631
161
26 295
489
92 887
332
412 253
406
74 737
829
514 1145
621
584 658
176
24 327
201
124 277
746
202 1289
789
246 1336
711
506 920
842
242 1459
859
280 1439
566
508 633
303
82 525
244
66 422
921
260 1592
796
662 946
318
306 330
344
50 637
638
166 1115
685
202 1171
495
278 716
538
174 910
544
158 931
510
174 854
577
316 843
499
152 847
509
152 867
176
140 212
858
204 1520
391
458 324
400
238 561
794
272 1324
850
360 1343
814
266 1369
334
82 595
368
184 556
892
274 1512
225
70 389
983
1006 974
733
424 1047
746
212 1285
686
586 786
578
124 1031
678
430 934
153
94 211
523
442 603
547
426 674
276
104 452
811
744 891
331
346 319
616
146 1085
390
398 384
785
204 1373
345
256 435
188
34 341
281
80 481
879
564 1196
187
138 244
497
286 710
940
348 1533
464
118 816
170
188 151
170
24 315
650
136 1163
971
354 1594
200
144 255
143
158 127
544
342 747
269
92 453
190
190 191
538
296 781
807
276 1341
783
276 1292
723
474 975
206
192 221
399
186 619
771
500 1052
135
28 241
623
608 645
792
204 1389
812
922 714
205
78 341
490
150 836
250
232 267
220
100 345
524
390 666
669
214 1131
611
526 706
920
544 1307
962
470 1466
881
600 1176
917
600 1248
890
608 1186
873
600 1160
883
228 1539
186
236 137
443
376 520
297
198 402
337
328 348
318
74 569
822
466 1179
955
846 1064
183
244 131
242
170 315
675
636 729
443
140 749
550
82 1017
860
540 1189
312
240 397
775
166 1392
910
284 1542
906
544 1273
987
316 1658
169
28 309
183
126 243
264
270 258
264
270 258
264
270 258
248
26 469
248
26 469
477
152 821
781
236 1335
982
266 1707
976
222 1729
954
604 1311
964
686 1244
950
622 1280
923
624 1222
242
250 237
388
106 677
157
34 279
212
100 324
335
136 536
890
782 1007
659
158 1162
522
150 903
185
50 319
240
244 237
833
110 1555
920
930 910
600
790 414
601
744 467
601
752 455
388
74 701
942
444 1447
934
228 1639
912
398 1426
659
338 993
783
466 1106
583
178 1003
624
144 1103
836
242 1433
860
716 1011
451
72 829
499
158 840
440
114 771
550
524 580
882
740 1035
251
44 457
824
224 1432
492
98 885
745
222 1274
484
462 510
127
170 86
800
332 1285
312
74 549
105
38 171
858
772 943
235
60 409
429
80 777
342
110 577
445
286 605
866
850 886
687
162 1214
561
428 699
218
86 362
218
86 362
218
86 362
328
278 382
328
278 382
574
572 588
773
196 1356
605
304 907
