0 129
1 0
2 13
3 30
4 38
5 65
6 73
7 41
8 32
9 18
10 16
11 18
12 7
13 12
14 5
15 10
16 7
17 12
18 12
19 9
20 8
21 12
22 11
23 6
24 12
25 9
26 11
27 13
28 11
29 10
30 6
31 11
32 8
33 9
34 8
35 12
36 10
37 12
38 7
39 14
40 14
41 9
42 12
43 10
44 7
45 7
46 7
47 14
48 10
49 7
50 12
51 7
52 14
53 10
54 9
55 6
56 5
57 2
58 3
59 8
60 2
61 6
62 4
63 0
64 4
65 2
66 4
67 5
68 2
69 2
70 2
71 3
72 4
73 2
74 2
75 6
76 0
77 1
78 1
79 1
