979
452 1506
878
222 1538
169
38 299
650
80 1219
375
0 749
747
514 984
593
0 1185
768
28 1507
637
44 1229
981
268 1695
562
442 688
239
116 362
216
24 407
174
0 347
409
24 793
292
22 561
571
318 840
118
0 235
808
26 1589
536
48 1023
534
26 1041
253
124 381
760
48 1474
638
44 1232
332
204 471
375
210 551
470
234 717
332
204 471
332
204 471
388
246 541
856
46 1667
540
238 842
486
240 732
671
234 1108
548
238 858
125
32 217
317
0 633
994
330 1658
317
204 429
243
0 485
126
0 251
658
238 1077
828
262 1393
162
0 323
964
398 1530
440
242 648
430
226 634
423
216 640
433
218 648
258
22 493
743
80 1407
794
46 1541
233
158 307
690
48 1331
788
30 1545
863
378 1347
348
26 669
329
146 512
886
448 1325
760
412 1110
987
72 1901
785
68 1501
291
0 581
291
0 581
291
0 581
291
0 581
291
0 581
290
224 355
228
116 339
331
82 579
522
50 993
839
624 1068
713
70 1355
734
46 1421
801
46 1555
769
46 1491
763
50 1475
846
304 1388
402
26 777
877
80 1673
689
76 1301
140
32 247
166
132 200
763
118 1417
948
198 1697
336
148 523
222
0 443
284
0 567
284
0 567
284
0 567
489
260 717
284
0 567
284
0 567
284
0 567
454
26 881
732
330 1133
200
118 281
600
52 1147
800
78 1521
767
298 1242
230
138 321
431
214 647
982
324 1639
793
380 1205
910
24 1795
972
152 1791
766
252 1279
800
252 1347
782
270 1293
969
82 1862
175
150 199
271
0 541
907
28 1785
325
22 627
941
60 1821
536
290 784
867
76 1657
584
348 821
234
0 467
291
0 581
217
172 263
703
208 1207
124
54 193
669
24 1313
603
144 1061
650
492 816
229
166 291
229
166 291
229
120 337
229
120 337
229
166 291
229
0 457
229
0 457
533
100 967
927
72 1781
891
432 1353
385
322 448
386
0 771
386
0 771
385
322 448
386
0 771
386
0 771
391
0 781
388
0 775
278
232 324
188
90 285
841
500 1181
743
22 1463
736
22 1449
758
46 1469
737
46 1427
173
72 273
782
330 1235
809
122 1495
721
28 1413
615
350 884
615
28 1201
263
0 525
410
0 819
240
70 409
790
50 1529
791
154 1434
503
362 643
807
216 1397
835
74 1595
169
172 166
230
0 459
910
68 1751
767
22 1511
256
22 489
748
244 1261
638
24 1251
838
24 1651
503
76 929
700
256 1144
469
54 883
557
54 1059
459
54 863
544
54 1033
461
54 867
561
22 1099
471
268 675
195
40 349
737
382 1091
540
266 821
550
48 1051
415
34 795
406
34 777
522
34 1009
411
34 787
703
164 1242
463
60 865
144
92 195
452
48 855
854
60 1647
194
0 387
982
390 1574
336
350 324
196
0 391
519
22 1015
622
32 1211
985
700 1278
165
0 329
392
142 643
900
508 1292
754
454 1070
143
0 285
637
330 955
319
22 615
355
92 618
251
0 501
384
0 767
511
132 889
750
188 1311
884
72 1699
545
146 943
578
124 1031
435
0 869
910
480 1339
768
70 1465
757
536 979
783
576 991
775
154 1395
252
48 455
250
94 405
754
164 1343
971
436 1505
138
206 72
493
292 705
792
602 996
932
602 1276
778
602 968
880
600 1174
760
94 1425
566
22 1109
597
22 1171
391
24 757
195
22 367
443
240 645
239
0 477
354
22 685
296
22 569
279
48 509
779
26 1531
751
44 1457
688
24 1351
285
38 531
278
0 555
510
22 997
210
30 389
348
368 333
253
162 344
507
162 852
984
432 1548
990
432 1560
846
50 1641
979
396 1562
773
22 1523
386
100 672
263
76 449
590
248 931
451
22 879
841
22 1659
133
94 172
133
94 172
147
0 293
147
0 293
293
192 393
811
76 1545
637
380 893
469
310 627
882
650 1114
579
22 1135
345
0 689
677
44 1316
459
44 880
727
418 1035
323
22 623
517
464 569
368
0 735
515
0 1029
515
0 1029
515
250 779
515
250 779
515
250 779
256
0 511
984
476 1492
330
62 597
795
96 1493
403
280 526
379
46 711
776
82 1471
798
46 1549
979
406 1554
787
46 1527
823
428 1223
846
46 1645
181
0 361
402
168 637
934
132 1735
483
174 791
326
162 490
490
308 675
241
162 319
325
30 619
356
28 683
651
292 1009
452
0 903
668
62 1273
507
276 737
505
278 731
864
98 1629
253
104 403
502
230 773
890
354 1426
781
28 1533
484
162 805
988
80 1895
593
306 879
374
180 568
935
80 1789
242
108 377
843
28 1657
939
156 1721
869
124 1613
875
124 1625
438
46 829
787
46 1527
869
46 1691
336
148 525
778
78 1477
499
124 875
234
110 360
366
214 517
964
68 1859
440
22 857
156
52 259
776
26 1525
930
50 1809
894
50 1737
683
160 1208
293
242 344
746
80 1411
692
96 1292
695
0 1389
215
38 391
987
586 1391
635
76 1199
342
70 613
411
40 781
249
0 497
811
58 1563
895
30 1759
444
136 759
379
234 527
236
102 372
992
556 1427
990
228 1752
258
204 311
180
0 359
352
22 681
217
0 433
852
450 1253
397
0 793
334
30 637
351
148 554
778
358 1200
442
34 849
825
74 1575
355
176 533
740
64 1415
616
240 994
754
134 1376
221
0 441
290
74 507
291
0 581
213
0 425
808
52 1563
235
54 423
291
94 487
430
248 614
775
640 912
936
76 1795
190
0 379
494
50 937
389
270 509
331
182 487
263
0 525
762
24 1499
652
0 1303
838
390 1285
292
96 487
492
96 887
889
170 1610
847
188 1509
411
0 821
417
176 658
748
46 1449
892
24 1759
769
116 1421
264
82 445
157
92 223
514
76 956
533
54 1016
688
220 1157
783
22 1543
916
210 1625
706
448 964
371
30 711
382
52 711
787
298 1275
692
198 1185
302
0 603
994
192 1795
336
110 567
592
24 1159
781
52 1509
225
136 313
773
318 1229
952
46 1857
773
318 1229
771
316 1227
343
84 602
343
84 602
939
794 1086
939
794 1086
939
788 1092
946
794 1100
939
794 1086
153
0 305
142
0 283
716
206 1228
736
206 1268
361
124 605
136
54 217
753
76 1429
881
70 1701
590
292 888
595
216 974
736
66 1405
668
228 1107
668
228 1107
209
164 254
600
244 956
601
222 980
600
222 978
600
244 956
600
244 956
642
46 1238
642
46 1238
180
166 194
180
166 194
191
0 381
180
166 194
191
0 381
191
0 381
191
0 381
194
0 387
401
104 698
772
44 1499
886
78 1693
725
516 938
294
32 555
772
24 1519
514
220 808
477
276 678
764
346 1181
506
298 713
906
56 1755
666
72 1269
724
94 1363
189
0 377
803
22 1583
215
102 327
148
0 295
660
46 1273
535
24 1045
961
436 1485
673
192 1153
781
218 1343
998
92 1911
406
144 667
341
0 681
927
232 1621
597
188 1005
229
0 457
428
256 606
903
46 1768
578
298 859
389
156 625
535
402 669
462
26 897
655
46 1263
616
26 1205
292
28 555
303
110 496
804
206 1401
593
202 983
500
22 977
543
72 1018
849
548 1149
964
72 1855
933
146 1732
222
0 443
145
0 289
769
80 1457
586
22 1149
342
94 590
494
46 941
210
0 419
800
66 1534
521
286 756
525
0 1049
557
184 929
784
28 1539
550
26 1073
371
22 719
849
80 1617
759
74 1443
460
0 919
978
160 1805
787
26 1547
536
24 1047
357
402 311
611
26 1195
931
88 1773
703
456 949
712
370 1054
703
362 1045
473
336 612
473
366 579
682
310 1054
499
342 659
283
232 333
889
98 1679
653
664 650
662
664 668
661
664 666
644
644 651
655
664 654
655
644 673
700
360 1048
447
230 663
415
226 605
778
28 1527
196
86 305
401
22 779
189
22 355
988
446 1529
871
48 1693
440
220 660
999
80 1917
366
136 597
961
108 1820
964
66 1861
541
22 1059
611
44 1177
275
60 489
813
62 1563
352
30 673
768
334 1201
286
150 421
308
196 426
733
72 1398
669
48 1289
661
70 1251
699
26 1371
806
360 1251
464
288 640
897
78 1715
581
72 1089
586
32 1139
529
148 909
853
22 1683
896
134 1657
799
48 1549
803
236 1373
754
74 1442
711
396 1028
529
312 746
155
24 285
392
26 757
264
96 431
387
162 611
272
214 331
744
50 1437
733
154 1311
759
164 1353
187
0 373
850
44 1655
799
56 1541
794
52 1535
485
328 641
482
82 881
146
0 291
361
130 591
951
90 1811
575
22 1127
332
154 509
470
28 911
359
0 717
796
68 1523
418
132 703
911
284 1537
768
300 1235
639
200 1078
515
164 865
497
150 843
493
312 673
783
28 1537
232
96 367
243
50 435
969
96 1841
301
0 601
636
44 1227
169
114 223
775
188 1361
207
44 374
606
360 853
779
70 1494
605
204 1012
894
148 1639
657
72 1242
321
22 619
455
26 883
255
30 479
166
0 331
204
0 407
744
334 1153
819
506 1131
414
0 827
187
192 181
986
530 1443
776
338 1217
970
220 1720
396
0 791
986
102 1869
450
0 899
276
0 551
154
32 275
685
372 1001
800
448 1154
682
50 1313
653
26 1279
323
154 492
355
210 499
355
210 499
355
188 521
355
188 521
355
210 499
354
22 685
354
22 685
377
0 753
201
26 375
878
98 1661
599
52 1145
177
0 353
151
42 259
253
180 327
571
28 1113
850
584 1123
710
178 1241
685
148 1221
764
78 1449
172
0 343
106
42 169
758
272 1244
371
0 741
177
140 215
690
384 1006
258
66 458
991
568 1417
991
568 1417
206
36 375
223
240 206
657
292 1021
463
198 727
723
28 1417
1000
78 1921
267
120 418
686
54 1317
887
112 1661
700
60 1339
489
100 877
440
28 851
412
78 745
724
28 1419
188
30 345
918
26 1809
276
0 551
999
98 1909
999
98 1909
540
0 1079
446
142 749
280
0 559
620
72 1167
688
76 1307
889
56 1721
965
54 1875
216
0 431
720
302 1137
725
302 1147
721
302 1139
726
326 1125
725
326 1123
310
98 521
643
72 1213
995
90 1899
651
342 960
575
24 1125
735
50 1419
816
72 1559
874
352 1396
555
316 794
606
292 920
862
340 1384
843
378 1308
892
396 1388
318
136 499
184
0 367
400
46 753
157
74 239
707
510 911
690
0 1379
274
28 519
188
28 347
152
0 303
588
78 1097
575
158 991
591
34 1147
637
366 909
690
378 1003
641
374 909
641
374 909
218
92 346
221
108 335
626
54 1206
313
0 625
449
212 687
239
58 419
778
272 1294
923
46 1799
928
366 1492
928
344 1514
654
348 961
291
32 549
308
86 530
996
46 1945
924
202 1649
511
186 836
748
78 1417
569
286 851
218
34 401
199
0 397
100
114 85
811
88 1533
893
98 1697
899
88 1709
897
72 1721
124
56 192
499
162 835
522
0 1043
532
0 1063
885
518 1252
691
146 1239
201
0 401
630
214 1063
197
96 297
239
224 257
859
46 1671
250
22 477
865
70 1667
257
0 513
970
338 1625
795
46 1543
671
212 1132
923
310 1535
543
140 946
748
60 1435
969
68 1869
847
74 1619
228
168 288
267
244 291
122
164 81
124
168 81
949
422 1478
504
0 1007
268
114 431
221
22 419
981
372 1598
503
44 961
380
44 715
730
50 1409
463
108 817
311
88 533
392
114 677
457
374 539
368
50 685
810
24 1595
728
44 1411
241
54 427
894
534 1254
257
0 513
671
340 1004
649
396 905
640
284 996
792
44 1539
377
128 625
340
80 599
360
22 697
882
92 1671
101
82 119
270
0 539
665
50 1279
921
52 1789
161
0 321
489
24 953
332
338 325
406
24 787
829
248 1409
621
336 905
176
0 351
201
68 333
746
52 1439
789
70 1507
711
378 1044
842
92 1591
859
130 1587
566
326 807
303
0 605
244
24 463
921
102 1744
796
394 1197
318
164 480
344
22 665
638
52 1223
685
48 1321
495
164 825
538
86 989
544
86 1001
510
86 933
577
172 981
499
86 911
509
86 931
176
86 265
858
64 1651
391
322 461
400
122 678
794
74 1513
850
190 1509
814
70 1557
334
0 667
368
106 630
892
56 1727
225
22 427
983
690 1285
733
232 1234
746
60 1431
686
402 973
578
26 1129
678
162 1193
153
42 263
523
242 805
547
210 885
276
22 529
811
444 1179
331
186 478
616
26 1205
390
312 481
785
68 1501
345
148 541
188
30 345
281
50 511
879
430 1330
187
108 265
497
96 898
940
94 1785
464
22 905
170
134 208
170
0 339
650
32 1267
971
122 1819
200
34 365
143
120 165
544
158 929
269
0 537
190
126 258
538
212 864
807
94 1519
783
58 1508
723
226 1219
206
96 315
399
34 763
771
254 1288
135
0 269
623
320 929
792
48 1535
812
574 1052
205
30 379
490
26 953
250
130 369
220
64 375
524
238 813
669
28 1309
611
322 902
920
278 1563
962
236 1689
881
366 1397
917
366 1469
890
366 1415
873
366 1381
883
72 1693
186
138 233
443
218 667
297
104 491
337
290 386
318
24 611
822
210 1436
955
480 1433
183
128 238
242
106 377
675
384 967
443
0 885
550
26 1073
860
334 1388
312
154 471
775
46 1503
910
88 1741
906
230 1591
987
136 1844
169
0 337
183
66 301
264
168 360
264
168 360
264
168 360
248
0 495
248
0 495
477
44 909
781
50 1511
982
66 1897
976
74 1887
954
312 1602
964
282 1652
950
282 1624
923
282 1570
242
164 321
388
0 775
157
28 285
212
84 348
335
112 560
890
546 1240
659
68 1253
522
24 1019
185
0 369
240
132 347
833
46 1619
920
576 1265
600
506 704
601
476 733
601
520 692
388
0 775
942
200 1683
934
80 1787
912
100 1723
659
110 1215
783
278 1287
583
22 1143
624
78 1169
836
80 1591
860
472 1252
451
0 901
499
66 931
440
22 857
550
288 813
882
404 1363
251
0 501
824
48 1599
492
64 919
745
100 1389
484
320 647
127
150 104
800
126 1473
312
0 623
105
34 175
858
536 1182
235
0 469
429
24 833
342
22 661
445
194 695
866
470 1261
687
48 1325
561
290 831
218
48 387
218
48 387
218
48 387
328
158 502
328
158 502
574
310 839
773
46 1499
605
150 1059
