0 4
1 0
2 0
3 0
4 0
5 0
6 1
7 2
8 3
9 5
10 3
11 20
12 14
13 13
14 8
15 26
16 24
17 16
18 23
19 11
20 29
21 16
22 35
23 31
24 28
25 34
26 28
27 24
28 27
29 17
30 16
31 14
32 17
33 9
34 4
35 6
36 5
37 3
38 4
39 2
40 4
41 3
42 10
43 11
44 6
45 4
46 6
47 3
48 5
49 9
50 9
51 12
52 10
53 6
54 7
55 7
56 10
57 2
58 9
59 11
60 7
61 3
62 3
63 11
64 5
65 13
66 5
67 4
68 12
69 3
70 7
71 9
72 6
73 7
74 5
75 21
76 5
77 9
78 9
79 9
