979
800 1159
878
478 1291
169
44 293
650
226 1076
375
32 717
747
710 793
593
174 1021
768
224 1314
637
146 1130
981
520 1451
562
566 559
239
268 214
216
66 365
174
48 308
409
128 696
292
92 491
571
428 730
118
44 191
808
218 1399
536
146 943
534
124 943
253
172 334
760
148 1373
638
218 1059
332
312 357
375
314 441
470
350 595
332
312 357
332
312 357
388
330 451
856
250 1484
540
398 689
486
360 611
671
376 968
548
388 712
125
64 185
317
46 587
994
734 1259
317
366 271
243
22 463
126
50 201
658
420 902
828
450 1216
162
22 301
964
724 1206
440
318 561
430
296 574
423
268 581
433
276 589
258
68 455
743
240 1249
794
156 1431
233
206 265
690
190 1192
788
206 1374
863
512 1218
348
78 617
329
302 355
886
776 1008
760
624 901
987
342 1675
785
234 1335
291
44 537
291
44 537
291
44 537
291
44 537
291
44 537
290
314 269
228
136 319
331
198 477
522
128 918
839
900 784
713
192 1243
734
172 1298
801
210 1391
769
202 1351
763
204 1323
846
496 1196
402
102 701
877
276 1480
689
196 1185
140
50 233
166
202 132
763
278 1260
948
628 1272
336
228 449
222
48 395
284
74 493
284
74 493
284
74 493
489
380 602
284
74 493
284
74 493
284
74 493
454
174 734
732
636 841
200
180 219
600
200 1006
800
162 1441
767
588 950
230
220 239
431
316 551
982
652 1315
793
626 969
910
272 1556
972
524 1427
766
450 1091
800
444 1158
782
428 1138
969
320 1617
175
206 145
271
26 515
907
246 1572
325
120 535
941
286 1604
536
372 701
867
296 1445
584
490 687
234
50 417
291
52 529
217
256 181
703
346 1069
124
64 188
669
200 1138
603
330 876
650
696 618
229
228 231
229
228 231
229
188 269
229
188 269
229
228 231
229
76 381
229
76 381
533
268 807
927
336 1520
891
752 1030
385
416 360
386
74 700
386
74 700
385
416 360
386
74 700
386
74 700
391
96 688
388
48 727
278
286 271
188
122 257
841
688 1003
743
202 1290
736
202 1276
758
216 1301
737
204 1276
173
142 203
782
544 1021
809
308 1311
721
200 1247
615
528 709
615
112 1117
263
74 451
410
128 691
240
156 324
790
246 1333
791
320 1273
503
498 510
807
394 1227
835
206 1464
169
226 113
230
22 437
910
286 1541
767
202 1341
256
72 439
748
462 1038
638
188 1114
838
230 1477
503
112 894
700
492 913
469
104 833
557
156 963
459
104 813
544
158 935
461
104 817
561
144 979
471
394 549
195
44 345
737
640 846
540
400 685
550
130 969
415
76 753
406
54 757
522
144 899
411
54 767
703
384 1022
463
84 841
144
144 145
452
130 773
854
250 1463
194
46 347
982
812 1168
336
416 268
196
0 391
519
170 874
622
186 1058
985
1120 850
165
22 307
392
340 454
900
712 1103
754
680 832
143
22 263
637
562 731
319
44 593
355
184 526
251
80 421
384
118 651
511
416 628
750
404 1104
884
288 1491
545
262 827
578
286 875
435
50 819
910
728 1108
768
206 1332
757
840 677
783
860 709
775
362 1198
252
104 399
250
172 334
754
284 1223
971
856 1093
138
218 60
493
434 558
792
842 752
932
888 987
778
842 724
880
850 919
760
278 1247
566
96 1035
597
138 1065
391
48 733
195
22 367
443
370 516
239
50 427
354
96 621
296
102 489
279
104 453
779
156 1401
751
202 1307
688
308 1083
285
74 496
278
68 487
510
118 911
210
74 348
348
500 199
253
238 270
507
406 616
984
764 1230
990
782 1214
846
264 1427
979
726 1240
773
154 1399
386
234 538
263
156 370
590
472 723
451
148 753
841
210 1479
133
130 139
133
130 139
147
0 293
147
0 293
293
260 326
811
212 1414
637
592 689
469
470 482
882
870 901
579
234 926
345
72 626
677
198 1170
459
156 771
727
586 869
323
70 575
517
626 407
368
148 593
515
116 913
515
116 913
515
310 719
515
310 719
515
310 719
256
82 429
984
748 1222
330
128 532
795
256 1341
403
408 400
379
80 677
776
278 1276
798
206 1402
979
652 1310
787
206 1380
823
600 1052
846
206 1498
181
22 339
402
320 498
934
296 1578
483
284 684
326
268 387
490
400 597
241
236 247
325
76 573
356
56 655
651
470 843
452
130 779
668
188 1147
507
412 603
505
386 624
864
310 1417
253
216 291
502
420 592
890
560 1223
781
228 1343
484
254 721
988
318 1658
593
518 676
374
266 489
935
318 1568
242
180 303
843
246 1451
939
442 1443
869
316 1434
875
316 1446
438
104 779
787
236 1352
869
256 1483
336
176 497
778
210 1355
499
192 807
234
240 228
366
382 353
964
280 1662
440
98 781
156
98 215
776
266 1298
930
268 1603
894
326 1467
683
320 1057
293
382 215
746
260 1231
692
260 1123
695
114 1275
215
68 361
987
944 1039
635
196 1076
342
248 440
411
146 690
249
76 429
811
168 1454
895
294 1500
444
226 675
379
408 355
236
122 352
992
820 1172
990
684 1319
258
280 246
180
48 311
352
100 609
217
24 409
852
754 966
397
116 684
334
94 573
351
152 550
778
656 902
442
62 821
825
202 1450
355
254 455
740
216 1267
616
390 854
754
300 1217
221
68 378
290
124 456
291
48 533
213
24 401
808
222 1398
235
64 405
291
186 401
430
364 497
775
866 686
936
304 1577
190
26 353
494
148 841
389
450 333
331
208 453
263
72 459
762
182 1344
652
302 1002
838
606 1070
292
150 433
492
194 789
889
388 1392
847
374 1334
411
100 721
417
330 509
748
234 1267
892
300 1500
769
306 1249
264
240 302
157
144 169
514
154 881
533
106 963
688
434 948
783
254 1323
916
360 1475
706
642 770
371
72 669
382
180 583
787
574 1005
692
394 996
302
22 581
994
494 1513
336
156 523
592
164 1031
781
190 1375
225
134 315
773
578 971
952
292 1617
773
578 971
771
614 930
343
142 544
343
142 544
939
1058 824
939
1058 824
939
1046 836
946
1058 838
939
1058 824
153
22 283
142
46 237
716
406 1031
736
406 1071
361
294 433
136
136 143
753
230 1283
881
186 1577
590
462 722
595
416 783
736
160 1320
668
490 847
668
490 847
209
204 214
600
388 812
601
404 798
600
404 796
600
388 812
600
388 812
642
206 1086
642
206 1086
180
236 123
180
236 123
191
48 333
180
236 123
191
48 333
191
48 333
191
48 333
194
48 339
401
268 535
772
282 1273
886
232 1543
725
598 858
294
108 479
772
230 1331
514
332 709
477
414 542
764
610 933
506
420 594
906
218 1600
666
206 1132
724
222 1237
189
44 333
803
200 1406
215
140 295
148
0 295
660
190 1132
535
80 989
961
800 1125
673
362 985
781
540 1025
998
338 1671
406
296 522
341
94 587
927
500 1354
597
450 756
229
48 409
428
416 446
903
232 1588
578
382 784
389
208 583
535
534 543
462
82 841
655
222 1097
616
190 1046
292
52 532
303
228 377
804
436 1181
593
438 755
500
128 881
543
184 903
849
892 814
964
312 1638
933
296 1571
222
92 354
145
46 250
769
216 1334
586
130 1041
342
196 488
494
162 842
210
50 369
800
264 1348
521
572 485
525
52 997
557
394 727
784
222 1347
550
104 996
371
72 669
849
228 1473
759
226 1298
460
150 773
978
452 1517
787
216 1357
536
94 977
357
470 244
611
116 1105
931
280 1604
703
630 776
712
600 829
703
576 835
473
514 437
473
564 387
682
546 819
499
440 560
283
354 218
889
248 1542
653
884 450
662
884 468
661
894 455
644
880 436
655
890 447
655
880 458
700
644 786
447
418 494
415
292 542
778
204 1351
196
156 236
401
92 725
189
50 327
988
704 1283
871
240 1507
440
364 522
999
234 1763
366
208 527
961
328 1605
964
292 1654
541
70 1011
611
178 1049
275
82 475
813
268 1374
352
140 573
768
454 1081
286
242 329
308
334 287
733
232 1241
669
210 1128
661
166 1158
699
248 1155
806
640 974
464
436 497
897
246 1552
581
144 1020
586
152 1024
529
328 741
853
206 1502
896
470 1342
799
274 1325
803
554 1058
754
196 1311
711
480 944
529
582 481
155
32 277
392
160 623
264
184 346
387
232 544
272
240 305
744
228 1267
733
360 1123
759
350 1174
187
24 349
850
180 1521
799
248 1355
794
222 1371
485
530 440
482
216 747
146
30 261
361
232 489
951
304 1614
575
168 991
332
294 370
470
108 831
359
100 624
796
236 1367
418
282 554
911
422 1399
768
572 963
639
340 940
515
338 696
497
304 694
493
466 525
783
248 1320
232
132 331
243
136 352
969
302 1650
301
50 551
636
72 1207
169
204 139
775
402 1160
207
54 359
606
424 792
779
204 1353
605
358 876
894
350 1440
657
206 1114
321
66 575
455
156 765
255
76 433
166
48 283
204
26 381
744
564 926
819
834 809
414
118 724
187
316 60
986
816 1169
776
452 1108
970
446 1504
396
68 723
986
288 1691
450
68 831
276
50 501
154
60 253
685
674 711
800
656 953
682
192 1175
653
166 1142
323
192 454
355
392 324
355
392 324
355
388 327
355
388 327
355
392 324
354
78 629
354
78 629
377
44 714
201
58 343
878
312 1454
599
144 1059
177
22 331
151
94 207
253
236 276
571
126 1023
850
848 868
710
418 1003
685
368 1003
764
260 1275
172
24 319
106
56 156
758
426 1095
371
92 649
177
192 168
690
692 713
258
120 395
991
944 1053
991
944 1053
206
80 336
223
266 179
657
516 801
463
396 529
723
104 1344
1000
278 1731
267
262 286
686
172 1215
887
390 1411
700
200 1215
489
248 739
440
124 765
412
274 572
724
212 1251
188
56 329
918
216 1625
276
110 451
999
268 1742
999
268 1742
540
124 955
446
284 609
280
46 517
620
160 1090
688
214 1168
889
252 1536
965
280 1651
216
26 405
720
642 804
725
642 814
721
642 806
726
614 841
725
614 839
310
224 395
643
204 1088
995
316 1692
651
520 781
575
238 919
735
152 1320
816
208 1423
874
746 1018
555
626 500
606
646 580
862
624 1102
843
744 942
892
550 1242
318
270 369
184
52 315
400
74 725
157
114 201
707
714 700
690
170 1210
274
84 466
188
28 347
152
44 259
588
190 985
575
404 754
591
132 1049
637
524 749
690
560 819
641
532 749
641
556 726
218
190 250
221
152 289
626
188 1066
313
68 557
449
404 497
239
106 381
778
358 1201
923
242 1604
928
550 1310
928
590 1268
654
562 749
291
156 427
308
172 444
996
324 1682
924
462 1398
511
368 655
748
218 1280
569
596 552
218
106 331
199
24 373
100
142 62
811
184 1437
893
262 1549
899
300 1518
897
308 1498
124
64 184
499
298 701
522
126 919
532
96 967
885
810 968
691
324 1064
201
48 359
630
352 919
197
176 221
239
238 243
859
172 1555
250
32 467
865
302 1451
257
48 465
970
512 1460
795
286 1323
671
402 947
923
594 1257
543
312 775
748
200 1303
969
302 1645
847
250 1466
228
198 258
267
292 244
122
202 46
124
206 46
949
676 1230
504
176 835
268
144 391
221
52 389
981
582 1380
503
144 867
380
108 651
730
142 1319
463
226 723
311
160 461
392
170 619
457
482 441
368
106 634
810
292 1333
728
182 1277
241
84 398
894
730 1060
257
48 465
671
644 701
649
666 637
640
638 643
792
250 1338
377
218 535
340
144 544
360
94 627
882
298 1467
101
152 49
270
24 515
665
202 1134
921
250 1595
161
26 295
489
150 836
332
380 285
406
144 675
829
554 1107
621
576 670
176
26 325
201
94 307
746
214 1295
789
288 1290
711
546 878
842
274 1427
859
256 1466
566
492 653
303
48 557
244
60 427
921
318 1531
796
732 864
318
306 334
344
70 621
638
180 1102
685
258 1127
495
320 674
538
122 953
544
150 937
510
122 897
577
330 827
499
124 873
509
124 893
176
184 170
858
188 1535
391
434 348
400
256 546
794
274 1317
850
404 1295
814
248 1387
334
92 580
368
222 514
892
250 1542
225
94 363
983
924 1049
733
456 1014
746
232 1267
686
556 818
578
128 1029
678
470 894
153
120 188
523
426 620
547
516 580
276
52 499
811
816 833
331
300 367
616
154 1077
390
398 385
785
208 1362
345
252 438
188
34 341
281
106 458
879
610 1157
187
122 251
497
258 738
940
332 1551
464
102 829
170
200 145
170
44 295
650
178 1129
971
334 1616
200
142 257
143
158 127
544
394 699
269
66 481
190
194 185
538
302 774
807
234 1379
783
262 1304
723
414 1043
206
204 207
399
180 620
771
590 977
135
26 243
623
582 673
792
214 1370
812
892 743
205
60 349
490
148 834
250
230 279
220
126 313
524
464 583
669
218 1124
611
570 662
920
586 1269
962
548 1395
881
650 1131
917
650 1203
890
628 1168
873
650 1115
883
278 1515
186
264 109
443
386 509
297
208 406
337
344 332
318
128 510
822
460 1197
955
910 1024
183
268 106
242
184 301
675
708 658
443
156 730
550
170 936
860
592 1130
312
252 383
775
202 1347
910
272 1554
906
568 1254
987
290 1685
169
28 309
183
140 225
264
270 258
264
270 258
264
270 258
248
26 469
248
26 469
477
102 851
781
204 1357
982
232 1740
976
278 1680
954
520 1392
964
614 1317
950
574 1329
923
590 1257
242
246 239
388
112 666
157
34 279
212
112 313
335
190 483
890
662 1126
659
176 1148
522
172 882
185
28 341
240
236 246
833
170 1503
920
946 901
600
758 456
601
684 529
601
672 543
388
74 701
942
346 1538
934
266 1608
912
460 1373
659
314 1011
783
540 1026
583
154 1015
624
190 1070
836
242 1433
860
752 973
451
114 791
499
186 816
440
120 759
550
542 558
882
734 1041
251
68 433
824
214 1436
492
142 841
745
218 1272
484
534 442
127
170 84
800
262 1337
312
26 597
105
38 171
858
724 993
235
44 425
429
78 779
342
72 611
445
294 595
866
852 880
687
186 1195
561
432 694
218
82 368
218
82 368
218
82 368
328
278 382
328
278 382
574
544 610
773
248 1299
605
252 964
