53
45 21
46 21
47 21
48 21
49 7
50 7
51 7
52 7
53 7
54 7
55 7
192 124
193 124
194 124
195 124
232 88
419 28
420 28
421 28
422 28
423 28
424 28
484 87
485 87
587 48
588 48
589 48
590 48
664 6
665 6
666 6
667 6
668 6
669 6
670 6
671 6
672 6
673 6
745 34
746 34
747 34
748 34
749 34
919 22
920 22
921 22
922 22
923 22
924 22
925 22
926 22
946 198
961 306
68
1231 366
1385 71
1406 284
1407 284
1416 175
1486 8
1487 8
1488 8
1489 8
1490 8
1491 2
1492 2
1493 2
1494 2
1495 2
1496 2
1497 2
1498 2
1499 2
1500 2
1501 2
1502 2
1517 78
1573 36
1574 36
1644 50
1655 151
1656 151
1773 189
1889 354
1965 44
1992 194
1993 194
2016 93
2017 93
2050 7
2051 7
2052 7
2053 7
2054 7
2055 7
2106 22
2152 81
2153 81
2154 81
2155 81
2224 94
2225 94
2226 94
2227 94
2304 15
2305 15
2306 15
2323 23
2324 23
2325 23
2326 23
2327 23
2328 23
2329 23
2339 7
2340 7
2341 7
2342 7
2343 7
2344 7
2345 7
2346 7
54
2381 47
2382 47
2383 47
2384 3
2385 3
2386 3
2387 3
2492 88
2537 29
2538 29
2539 29
2540 29
2541 29
2542 6
2543 6
2544 6
2545 6
2546 6
2547 6
2548 6
2549 6
2550 6
2602 324
2645 18
2646 18
2647 18
2732 62
2733 62
2944 246
2996 13
2997 13
2998 13
2999 13
3000 13
3121 251
3126 165
3127 165
3128 165
3272 25
3273 25
3274 25
3280 2
3281 2
3282 2
3283 2
3284 2
3285 2
3286 2
3287 2
3288 2
3289 2
3290 2
3291 2
3404 498
