979 669 143 167 166
878 548 137 193 46
169 99 47 23 19
650 391 168 91 79
375 226 97 52 42
747 534 110 103 97
593 356 143 94 64
768 454 216 98 87
637 402 140 95 95
981 629 217 135 135
562 409 86 67 67
239 183 25 31 31
216 123 50 43 15
174 107 39 28 28
409 248 90 71 47
292 181 56 55 34
571 371 112 88 54
118 70 31 17 13
808 492 192 124 103
536 334 122 80 72
534 309 127 98 56
253 175 53 25 23
760 446 201 113 73
638 378 150 110 76
332 245 46 41 41
375 275 54 46 46
470 343 65 62 62
332 245 46 41 41
332 245 46 41 41
388 285 56 47 47
856 518 217 121 111
540 385 78 77 70
486 348 79 59 56
671 462 127 82 82
548 393 72 83 69
125 87 23 15 13
317 176 82 59 21
994 695 148 151 151
317 239 42 36 36
243 154 46 43 43
126 81 24 21 15
658 437 139 82 77
828 544 170 114 114
162 99 34 29 17
964 682 134 148 148
440 305 72 63 63
430 290 75 65 64
423 280 75 68 68
433 291 79 63 63
258 162 58 38 37
743 457 187 99 95
794 493 195 106 104
233 169 32 32 32
690 425 174 91 89
788 481 194 113 113
863 572 181 110 110
348 207 90 51 37
329 248 43 38 38
886 636 128 122 122
760 540 112 108 108
987 569 270 148 115
785 478 178 129 106
291 164 86 41 23
291 164 86 41 23
291 164 86 41 23
291 164 86 41 23
291 164 86 41 23
290 210 38 42 42
228 166 31 31 31
331 228 63 40 39
522 324 127 71 71
839 630 102 107 107
713 437 175 101 101
734 445 185 104 93
801 482 214 105 95
769 474 180 115 113
763 456 175 132 83
846 563 183 100 100
402 245 107 50 46
877 537 208 132 101
689 413 154 122 67
140 90 31 19 12
166 134 8 24 24
763 447 192 124 69
948 646 169 133 126
336 251 33 52 52
222 129 46 47 16
284 162 70 52 24
284 161 71 52 24
284 162 70 52 24
489 341 79 69 69
284 162 70 52 24
284 162 70 52 24
284 162 70 52 24
454 271 85 98 41
732 523 123 86 86
200 152 24 24 20
600 369 133 98 85
800 486 200 114 106
767 538 105 124 124
230 161 42 27 27
431 305 70 56 56
982 616 214 152 108
793 515 118 160 67
910 560 227 123 117
972 635 198 139 139
766 517 145 104 102
800 543 158 99 90
782 528 157 97 97
969 593 231 145 126
175 134 20 21 21
271 155 71 45 26
907 554 218 135 113
325 199 75 51 38
941 584 216 141 131
536 382 71 83 83
867 544 185 138 138
584 429 84 71 71
234 141 63 30 30
291 172 69 50 38
217 166 25 26 26
703 477 113 113 113
124 91 16 17 9
669 396 190 83 82
603 416 102 85 82
650 479 65 106 106
229 170 34 25 25
229 170 34 25 25
229 165 41 23 23
229 165 41 23 23
229 170 34 25 25
229 136 48 45 17
229 137 47 45 17
533 365 82 86 86
927 566 229 132 132
891 649 131 111 102
385 290 47 48 48
386 232 84 70 48
386 232 84 70 48
385 290 47 48 48
386 232 84 70 48
386 232 84 70 48
391 235 82 74 46
388 243 90 55 55
278 202 43 33 33
188 134 33 21 21
841 612 131 98 98
743 467 177 99 99
736 459 179 98 93
758 474 180 104 98
737 463 176 98 98
173 125 27 21 20
782 559 106 117 117
809 517 191 101 101
721 448 170 103 103
615 452 76 87 87
615 387 138 90 90
263 146 81 36 24
410 230 90 90 23
240 165 44 31 31
790 475 161 154 79
791 503 170 118 89
503 369 76 58 43
807 524 192 91 91
835 483 195 157 78
169 132 21 16 16
230 127 65 38 24
910 558 218 134 129
767 462 196 109 108
256 156 57 43 40
748 519 121 108 97
638 375 155 108 74
838 502 214 122 114
503 281 137 85 51
700 478 133 89 79
469 277 117 75 64
557 326 156 75 70
459 269 124 66 66
544 312 136 96 46
461 262 133 66 55
561 346 137 78 73
471 339 76 56 54
195 132 38 25 20
737 513 114 110 110
540 375 99 66 64
550 324 132 94 43
415 235 115 65 41
406 226 112 68 39
522 312 136 74 73
411 231 111 69 40
703 474 137 92 92
463 264 116 83 43
144 105 18 21 21
452 280 111 61 61
854 506 236 112 100
194 111 57 26 22
982 693 138 151 108
336 250 46 40 40
196 109 51 36 23
519 313 107 99 54
622 379 152 91 87
985 736 137 112 111
165 90 54 21 13
392 265 76 51 40
900 650 121 129 129
754 561 103 90 89
143 85 28 30 14
637 443 101 93 93
319 188 78 53 35
355 234 82 39 38
251 145 69 37 32
384 232 88 64 58
511 346 69 96 96
750 487 152 111 96
884 525 222 137 97
545 361 107 77 77
578 384 118 76 76
435 270 97 68 65
910 656 134 120 120
768 487 173 108 108
757 575 82 100 100
783 592 86 105 105
775 495 176 104 102
252 148 49 55 23
250 160 58 32 23
754 494 152 108 108
971 704 131 136 96
138 111 16 11 9
493 371 65 57 56
792 595 106 91 91
932 690 136 106 106
778 584 107 87 87
880 653 113 114 114
760 450 206 104 96
566 340 137 89 75
597 360 154 83 83
391 230 76 85 37
195 108 59 28 19
443 324 46 73 73
239 150 54 35 35
354 214 89 51 39
296 172 80 44 35
279 163 70 46 32
779 468 198 113 97
751 446 179 126 77
688 412 170 106 76
285 177 63 45 43
278 174 57 47 47
510 303 134 73 53
210 134 33 43 15
348 279 28 41 41
253 184 40 29 29
507 334 104 69 69
984 670 182 132 130
990 672 197 121 117
846 524 190 132 115
979 658 173 148 148
773 476 181 116 116
386 270 55 61 59
263 177 50 36 28
590 363 136 91 55
451 268 112 71 43
841 513 209 119 119
133 97 22 14 14
133 97 22 14 14
147 85 32 30 13
147 85 32 30 13
293 211 45 37 37
811 482 213 116 89
637 466 82 89 89
469 336 83 50 50
882 637 147 98 97
579 340 146 93 55
345 205 85 55 46
677 419 155 103 76
459 287 104 68 52
727 518 102 107 104
323 190 92 41 39
517 399 53 65 46
368 231 70 67 50
515 305 117 93 54
515 305 117 93 54
515 348 71 96 37
515 348 71 96 37
515 348 71 96 37
256 148 72 36 27
984 707 123 154 154
330 201 84 45 40
795 469 191 135 79
403 305 52 46 46
379 224 106 49 38
776 490 169 117 110
798 471 184 143 72
979 687 168 124 123
787 487 185 115 114
823 580 139 104 102
846 516 205 125 108
181 103 50 28 16
402 278 76 48 42
934 592 202 140 139
483 328 100 55 53
326 238 43 45 45
490 347 82 61 59
241 178 43 20 19
325 194 83 48 42
356 227 72 57 56
651 451 106 94 94
452 261 124 67 55
668 383 175 110 73
507 364 71 72 69
505 360 76 69 67
864 533 207 124 115
253 184 41 28 23
502 350 97 55 52
890 582 198 110 110
781 487 179 115 115
484 326 84 74 73
988 615 225 148 146
593 432 87 74 71
374 274 49 51 51
935 566 229 140 117
242 177 37 28 28
843 508 213 122 94
939 613 193 133 120
869 540 210 119 119
875 542 195 138 113
438 265 99 74 62
787 470 207 110 88
869 536 219 114 114
336 232 47 57 32
778 459 199 120 77
499 332 99 68 54
234 171 36 27 27
366 270 53 43 40
964 583 238 143 117
440 268 109 63 63
156 113 18 25 25
776 464 192 120 82
930 580 223 127 126
894 553 216 125 125
683 470 115 98 98
293 219 40 34 34
746 479 142 125 92
692 434 154 104 96
695 419 185 91 72
215 146 33 36 17
987 732 119 136 134
635 384 159 92 91
342 251 40 51 49
411 220 129 62 38
249 150 63 36 34
811 473 226 112 82
895 527 222 146 95
444 292 83 69 60
379 267 62 50 50
236 158 50 28 23
992 746 126 120 118
990 676 173 141 136
258 174 55 29 29
180 100 46 34 17
352 215 83 54 50
217 132 48 37 26
852 608 126 118 118
397 240 102 55 51
334 203 74 57 37
351 240 55 56 56
778 546 121 111 111
442 262 108 72 41
825 504 207 114 96
355 253 54 48 43
740 453 153 134 89
616 437 96 83 82
754 493 146 115 109
221 124 60 37 13
290 192 62 36 35
291 171 82 38 37
213 131 51 31 30
808 492 200 116 107
235 132 77 26 23
291 193 55 43 39
430 305 58 67 67
775 597 88 90 90
936 578 215 143 118
190 118 43 29 23
494 303 121 70 63
389 281 66 42 42
331 235 54 42 42
263 156 68 39 31
762 464 197 101 101
652 394 162 96 81
838 599 117 122 122
292 201 53 38 38
492 336 90 66 65
889 565 185 139 90
847 540 181 126 126
411 243 105 63 53
417 298 59 60 60
748 466 176 106 102
892 541 223 128 107
769 500 163 106 106
264 187 37 40 40
157 120 22 15 14
514 310 105 99 55
533 323 135 75 75
688 441 145 102 102
783 476 179 128 90
916 614 173 129 129
706 462 143 101 101
371 227 90 54 50
382 250 70 62 59
787 539 132 116 108
692 468 114 110 110
302 176 79 47 28
994 677 146 171 171
336 222 75 39 38
592 356 159 77 76
781 477 189 115 100
225 167 30 28 28
773 553 95 125 122
952 589 209 154 143
773 554 94 125 122
771 537 128 106 104
343 217 87 39 39
343 218 86 39 39
939 710 113 116 116
939 710 113 116 116
939 706 118 115 115
946 715 115 116 116
939 710 113 116 116
153 91 32 30 14
142 80 28 34 12
716 496 101 119 119
736 511 102 123 122
361 264 47 50 50
136 101 20 15 15
753 460 171 122 94
881 522 237 122 105
590 426 89 75 72
595 405 101 89 84
736 451 170 115 103
668 466 114 88 88
668 466 114 88 88
209 156 27 26 26
600 430 93 77 77
601 431 92 78 78
600 431 91 78 78
600 430 93 77 77
600 430 93 77 77
642 385 166 91 85
642 385 166 91 85
180 136 27 17 9
180 136 27 17 9
191 109 45 37 18
180 136 27 17 9
191 109 45 37 18
191 109 45 37 18
191 109 45 37 18
194 111 45 38 16
401 267 69 65 64
772 465 205 102 100
886 538 204 144 101
725 535 110 80 76
294 175 60 59 29
772 464 154 154 70
514 355 93 66 64
477 341 69 67 65
764 526 127 111 111
506 360 77 69 68
906 556 205 145 100
666 414 157 95 92
724 443 185 96 91
189 114 49 26 22
803 481 220 102 101
215 148 36 31 30
148 84 45 19 12
660 396 161 103 80
535 314 154 67 67
961 699 135 127 127
673 452 132 89 83
781 529 155 97 94
998 595 285 118 117
406 295 51 60 60
341 197 84 60 33
927 628 154 145 142
597 384 119 94 70
229 143 53 33 33
428 325 50 53 53
903 548 236 119 114
578 399 101 78 78
389 266 72 51 48
535 376 77 82 79
462 276 121 65 59
655 395 170 90 88
616 363 169 84 66
292 182 67 43 43
303 198 65 40 39
804 525 163 116 113
593 430 77 86 76
500 309 119 72 65
543 335 116 92 72
849 631 116 102 99
964 595 221 148 136
933 553 262 118 117
222 130 53 39 16
145 79 43 23 13
769 474 186 109 105
586 366 140 80 80
342 228 74 40 39
494 294 123 77 50
210 126 52 32 18
800 486 204 110 110
521 378 75 68 63
525 310 130 85 50
557 394 86 77 74
784 460 192 132 79
550 336 128 86 64
371 229 90 52 41
849 515 196 138 91
759 458 198 103 103
460 271 118 71 47
978 634 213 131 131
787 471 186 130 81
536 317 124 95 55
357 282 48 27 21
611 369 160 82 82
931 556 227 148 102
703 508 117 78 78
712 497 132 83 83
703 482 133 88 88
473 342 69 62 62
473 349 68 56 56
682 469 118 95 95
499 360 70 69 69
283 215 35 33 33
889 536 221 132 108
653 488 77 88 87
662 501 68 93 93
661 492 78 91 91
644 481 77 86 86
655 488 79 88 86
655 488 79 88 88
700 465 74 161 63
447 293 42 112 28
415 294 62 59 59
778 478 191 109 107
196 144 25 27 27
401 252 85 64 63
189 109 59 21 17
988 682 157 149 133
871 516 245 110 110
440 295 86 59 59
999 578 282 139 122
366 240 83 43 41
961 577 248 136 127
964 574 255 135 126
541 308 142 91 52
611 355 180 76 75
275 156 66 53 29
813 488 210 115 103
352 211 83 58 36
768 477 202 89 84
286 208 45 33 33
308 223 49 36 33
733 447 187 99 90
669 394 181 94 62
661 401 151 109 87
699 422 158 119 73
806 535 156 115 91
464 339 62 63 63
897 542 208 147 110
581 353 156 72 68
586 357 123 106 59
529 351 123 55 55
853 496 209 148 84
896 586 197 113 113
799 483 211 105 105
803 566 118 119 117
754 461 185 108 101
711 514 110 87 68
529 404 72 53 53
155 87 44 24 16
392 246 87 59 57
264 178 53 33 24
387 271 72 44 42
272 205 35 32 32
744 441 185 118 85
733 455 177 101 73
759 489 151 119 99
187 118 42 27 26
850 528 190 132 118
799 479 191 129 100
794 463 195 136 86
485 358 65 62 62
482 300 116 66 62
146 93 22 31 28
361 239 65 57 57
951 592 213 146 135
575 349 147 79 78
332 249 51 32 32
470 297 98 75 72
359 197 104 58 25
796 492 199 105 101
418 291 71 56 56
911 648 139 124 112
768 546 129 93 87
639 413 142 84 75
515 340 101 74 73
497 330 82 85 85
493 360 69 64 64
783 450 211 122 73
232 159 44 29 27
243 155 50 38 24
969 584 247 138 129
301 175 90 36 36
636 353 169 114 36
169 128 14 27 27
775 541 119 115 115
207 127 47 33 21
606 413 101 92 91
779 479 157 143 92
605 407 118 80 79
894 584 178 132 130
657 398 154 105 69
321 194 79 48 35
455 274 118 63 58
255 155 51 49 27
166 104 34 28 18
204 117 47 40 24
744 519 135 90 90
819 599 115 105 102
414 248 107 59 55
187 161 10 16 16
986 638 215 133 126
776 495 179 102 101
970 627 197 146 114
396 244 92 60 56
986 604 248 134 134
450 274 113 63 61
276 160 59 57 20
154 100 27 27 11
685 464 135 86 83
800 527 89 184 23
682 427 156 99 93
653 405 148 100 100
323 218 60 45 45
355 258 48 49 49
355 258 48 49 49
355 255 49 51 46
355 255 49 51 46
355 258 48 49 49
354 209 99 46 44
354 206 107 41 39
377 226 97 54 43
201 123 34 44 19
878 536 215 127 123
599 364 153 82 82
177 110 44 23 21
151 102 29 20 20
253 179 40 34 34
571 350 124 97 73
850 611 125 114 103
710 468 135 107 107
685 457 119 109 109
764 470 157 137 103
172 110 34 28 22
106 69 26 11 10
758 518 136 104 98
371 230 84 57 53
177 123 32 22 22
690 501 87 102 102
258 171 52 35 35
991 722 145 124 124
991 722 145 124 124
206 124 50 32 24
223 171 26 26 25
657 464 94 99 99
463 331 59 73 71
723 439 188 96 93
1000 621 244 135 127
267 191 46 30 30
686 381 202 103 61
887 569 197 121 119
700 399 194 107 72
489 323 98 68 63
440 260 124 56 56
412 277 76 59 59
724 416 218 90 79
188 121 41 26 18
918 556 218 144 125
276 157 84 35 27
999 615 232 152 133
999 615 232 152 133
540 331 133 76 72
446 299 88 59 55
280 171 69 40 39
620 383 122 115 78
688 406 160 122 64
889 557 195 137 132
965 572 238 155 100
216 127 48 41 17
720 538 92 90 88
725 539 96 90 87
721 538 93 90 87
726 533 104 89 86
725 533 103 89 86
310 218 53 39 39
643 376 184 83 83
995 614 241 140 137
651 475 95 81 81
575 337 160 78 47
735 432 192 111 93
816 473 231 112 79
874 614 133 127 125
555 413 63 79 79
606 441 73 92 92
862 603 136 123 123
843 586 146 111 111
892 636 145 111 111
318 221 54 43 43
184 112 34 38 20
400 234 106 60 49
157 108 30 19 14
707 504 114 89 87
690 417 158 115 77
274 170 62 42 42
188 110 51 27 24
152 87 25 40 15
588 344 163 81 54
575 422 65 88 88
591 366 113 112 66
637 458 103 76 76
690 492 111 87 82
641 461 104 76 76
641 460 107 74 72
218 151 34 33 30
221 146 43 32 31
626 379 151 96 72
313 193 68 52 34
449 324 70 55 55
239 158 49 32 26
778 496 189 93 91
923 547 231 145 104
928 598 217 113 113
928 597 221 110 110
654 470 110 74 68
291 186 67 38 32
308 211 52 45 35
996 600 259 137 137
924 626 144 154 154
511 359 91 61 49
748 460 182 106 87
569 433 57 79 79
218 134 48 36 16
199 124 40 35 35
100 83 7 10 10
811 477 230 104 104
893 530 213 150 102
899 514 231 154 82
897 514 242 141 98
124 81 23 20 10
499 327 87 85 40
522 316 135 71 63
532 323 139 70 70
885 620 165 100 100
691 459 108 124 120
201 121 49 31 22
630 422 121 87 71
197 144 26 27 18
239 182 32 25 25
859 506 216 137 86
250 153 60 37 26
865 533 213 119 114
257 150 70 37 34
970 644 185 141 135
795 469 200 126 73
671 452 108 111 111
923 669 121 133 130
543 376 90 77 69
748 454 182 112 87
969 599 215 155 133
847 494 217 136 81
228 161 30 37 34
267 208 24 35 35
122 95 14 13 13
124 97 14 13 13
949 613 185 151 142
504 293 142 69 64
268 176 46 46 21
221 128 47 46 15
981 633 213 135 135
503 297 96 110 42
380 228 82 70 41
730 437 187 106 94
463 313 70 80 80
311 196 71 44 41
392 259 89 44 42
457 348 55 54 51
368 230 83 55 55
810 513 163 134 134
728 450 165 113 113
241 159 52 30 25
894 647 155 92 92
257 153 71 33 33
671 498 89 84 84
649 483 84 82 82
640 474 90 76 76
792 484 205 103 101
377 249 79 49 49
340 228 73 39 39
360 208 94 58 31
882 527 227 128 106
101 81 10 10 10
270 169 58 43 28
665 398 169 98 81
921 557 246 118 118
161 94 40 27 13
489 294 125 70 59
332 263 32 37 37
406 243 97 66 48
829 561 162 106 105
621 470 78 73 73
176 106 35 35 18
201 136 39 26 23
746 454 183 109 82
789 474 196 119 105
711 502 97 112 112
842 500 197 145 85
859 507 217 135 97
566 411 88 67 67
303 181 86 36 36
244 153 48 43 32
921 562 219 140 124
796 519 168 109 108
318 228 54 36 35
344 207 84 53 48
638 399 144 95 93
685 400 192 93 70
495 347 75 73 62
538 339 116 83 68
544 339 118 87 64
510 318 111 81 67
577 397 104 76 76
499 301 118 80 51
509 309 122 78 56
176 134 24 18 17
858 514 199 145 84
391 288 64 39 37
400 274 63 63 63
794 490 187 117 117
850 540 200 110 110
814 493 201 120 94
334 211 72 51 51
368 259 65 44 43
892 557 209 126 119
225 135 65 25 25
983 717 148 118 118
733 504 124 105 104
746 444 191 111 97
686 452 120 114 88
578 345 132 101 60
678 463 116 99 99
153 103 30 20 20
523 374 87 62 62
547 401 78 68 57
276 169 72 35 35
811 600 104 107 107
331 229 59 43 42
616 385 140 91 85
390 295 52 43 42
785 453 172 160 58
345 231 58 56 29
188 110 48 30 28
281 185 57 39 37
879 605 154 120 120
187 137 27 23 23
497 342 72 83 83
940 575 209 156 118
464 276 129 59 57
170 134 14 22 22
170 104 43 23 22
650 400 143 107 78
971 597 238 136 134
200 141 31 28 22
143 115 13 15 15
544 359 114 71 67
269 161 65 43 42
190 137 27 26 26
538 369 105 64 63
807 477 215 115 106
783 490 171 122 118
723 515 105 103 103
206 155 27 24 24
399 253 93 53 47
771 553 106 112 112
135 81 33 21 19
623 454 80 89 89
792 474 163 155 77
812 618 76 118 118
205 136 41 28 22
490 304 115 71 71
250 185 27 38 38
220 140 48 32 32
524 379 73 72 71
669 400 151 118 67
611 444 86 81 81
920 603 165 152 152
962 625 186 151 151
881 595 138 148 147
917 625 146 146 144
890 607 133 150 150
873 570 174 129 129
883 540 221 122 122
186 146 15 25 17
443 326 64 53 53
297 212 46 39 39
337 256 48 33 33
318 190 63 65 30
822 550 151 121 121
955 714 127 114 108
183 151 14 18 18
242 179 30 33 33
675 490 78 107 107
443 272 102 69 51
550 326 132 92 55
860 602 125 133 132
312 219 53 40 40
775 470 195 110 101
910 540 255 115 111
906 608 147 151 147
987 614 220 153 133
169 102 40 27 27
183 131 26 26 21
264 196 39 29 29
264 196 39 29 29
264 196 39 29 29
248 148 52 48 22
248 148 52 48 22
477 275 123 79 48
781 454 209 118 78
982 600 237 145 124
976 612 222 142 141
954 647 148 159 159
964 653 154 157 157
950 646 146 158 158
923 617 163 143 140
242 168 50 24 24
388 244 90 54 43
157 99 34 24 19
212 150 41 21 21
335 218 66 51 43
890 652 147 91 91
659 397 161 101 86
522 322 124 76 59
185 119 34 32 24
240 176 40 24 24
833 489 226 118 102
920 679 127 114 114
600 451 78 71 71
601 445 89 67 67
601 448 88 65 65
388 243 83 62 48
942 609 210 123 107
934 570 231 133 120
912 588 195 129 113
659 440 119 100 79
783 539 130 114 110
583 358 140 85 64
624 361 181 82 71
836 511 202 123 109
860 625 132 103 84
451 257 120 74 42
499 299 130 70 63
440 252 123 65 50
550 402 64 84 83
882 636 137 109 109
251 150 69 32 32
824 477 233 114 88
492 299 119 74 64
745 445 166 134 78
484 366 60 58 58
127 103 12 12 12
800 504 184 112 81
312 178 77 57 28
105 71 16 18 7
858 633 101 124 124
235 144 63 28 27
429 265 91 73 59
342 204 91 47 42
445 304 69 72 72
866 648 115 103 103
687 410 187 90 90
561 411 74 76 76
218 136 54 28 25
218 136 54 28 25
218 136 54 28 25
328 219 56 53 22
328 219 56 53 22
574 403 90 81 80
773 468 185 120 92
605 407 117 81 80
