979 639 120 34 220
878 574 175 129 129
169 101 45 21 23
650 396 164 89 90
375 227 96 48 52
747 532 105 53 110
593 361 149 74 83
768 457 215 96 96
637 402 140 95 95
981 613 141 58 227
562 404 78 37 80
239 180 26 24 33
216 132 42 26 42
174 103 41 16 30
409 250 99 55 60
292 187 56 49 49
571 384 104 64 83
118 71 30 17 17
808 478 191 77 139
536 336 123 77 77
534 312 137 69 85
253 177 41 16 35
760 457 197 106 106
638 365 161 49 112
332 241 44 16 47
375 270 52 17 53
470 341 65 41 64
332 241 44 16 47
332 241 44 16 47
388 279 55 17 54
856 515 210 102 131
540 380 84 61 76
486 346 71 47 69
671 460 127 74 84
548 384 82 59 82
125 87 23 15 15
317 183 79 32 55
994 662 139 46 193
317 234 45 18 38
243 154 46 41 43
126 80 27 17 19
658 436 142 80 80
828 539 175 103 114
162 99 36 17 27
964 655 122 54 187
440 303 71 29 66
430 290 71 18 69
423 281 70 21 72
433 290 79 23 64
258 163 56 38 39
743 456 190 92 97
794 494 194 103 106
233 162 33 8 38
690 424 177 89 89
788 479 189 101 120
863 572 181 107 110
348 209 93 46 46
329 248 41 34 40
886 634 114 51 138
760 530 100 31 130
987 549 299 92 139
785 477 194 106 114
291 169 83 33 39
291 169 83 33 39
291 169 83 33 39
291 169 83 33 39
291 169 83 33 39
290 208 36 16 46
228 162 33 18 33
331 225 48 29 58
522 321 126 63 75
839 630 102 75 107
713 437 170 94 106
734 448 180 98 106
801 483 210 95 108
769 475 179 115 115
763 469 181 113 113
846 563 183 95 100
402 247 104 50 51
877 535 219 106 123
689 420 165 90 104
140 89 32 8 19
166 133 9 15 24
763 462 197 99 104
948 633 142 52 173
336 244 35 17 57
222 134 44 25 44
284 164 80 36 40
284 164 80 36 40
284 164 80 36 40
489 339 78 51 72
284 164 80 36 40
284 164 80 36 40
284 164 80 36 40
454 259 134 50 61
732 523 122 82 87
200 152 24 24 24
600 363 116 69 121
800 486 200 105 114
767 525 97 37 145
230 161 42 19 27
431 302 72 27 57
982 626 184 99 172
793 514 166 110 113
910 558 218 113 134
972 631 189 118 152
766 514 145 76 107
800 544 159 97 97
782 528 157 90 97
969 600 227 142 142
175 134 20 20 21
271 159 71 37 41
907 559 222 126 126
325 200 60 33 65
941 588 214 138 139
536 376 68 44 92
867 530 180 99 157
584 428 83 64 73
234 141 63 30 30
291 168 83 40 40
217 166 25 26 26
703 474 114 97 115
124 91 17 16 16
669 401 150 74 118
603 412 77 44 114
650 469 68 31 113
229 168 36 18 25
229 168 36 18 25
229 163 43 16 23
229 163 43 16 23
229 168 36 18 25
229 141 50 36 38
229 143 48 36 38
533 355 76 57 102
927 549 219 97 159
891 650 131 110 110
385 292 40 35 53
386 242 75 69 69
386 242 75 69 69
385 292 40 35 53
386 242 75 69 69
386 242 75 69 69
391 227 107 48 57
388 242 90 53 56
278 201 40 10 37
188 132 30 10 26
841 611 131 88 99
743 464 174 91 105
736 459 177 91 100
758 473 183 96 102
737 457 176 85 104
173 125 25 16 23
782 551 108 69 123
809 517 191 99 101
721 443 166 89 112
615 446 74 51 95
615 387 124 80 104
263 150 69 26 44
410 241 111 44 58
240 167 29 18 44
790 476 196 92 118
791 505 169 95 117
503 374 74 52 55
807 523 192 88 92
835 486 216 87 133
169 131 13 2 25
230 127 65 24 38
910 555 219 127 136
767 457 175 88 135
256 156 54 31 46
748 520 123 94 105
638 374 175 74 89
838 495 232 108 111
503 291 118 58 94
700 475 137 69 88
469 271 121 54 77
557 328 149 76 80
459 264 127 53 68
544 319 150 72 75
461 266 127 56 68
561 346 137 74 78
471 341 71 35 59
195 133 37 25 25
737 502 99 46 136
540 375 80 33 85
550 331 142 62 77
415 232 132 51 51
406 228 123 53 55
522 305 139 62 78
411 230 127 53 54
703 474 137 92 92
463 272 113 61 78
144 102 17 8 25
452 280 111 57 61
854 511 226 104 117
194 113 52 21 29
982 698 150 134 134
336 248 39 12 49
196 111 51 30 34
519 320 121 71 78
622 379 154 84 89
985 737 133 94 115
165 92 49 16 24
392 260 86 28 46
900 629 119 54 152
754 552 108 75 94
143 88 30 25 25
637 438 84 37 115
319 189 79 39 51
355 229 81 27 45
251 143 73 28 35
384 228 83 49 73
511 325 69 27 117
750 472 121 42 157
884 523 210 80 151
545 358 99 49 88
578 383 110 56 85
435 270 96 63 69
910 650 118 56 142
768 485 170 98 113
757 574 73 59 110
783 591 78 57 114
775 473 153 47 149
252 146 61 31 45
250 162 51 22 37
754 484 140 85 130
971 702 145 121 124
138 111 16 11 11
493 370 66 55 57
792 593 101 57 98
932 686 137 79 109
778 582 102 55 94
880 645 113 67 122
760 449 201 92 110
566 324 160 52 82
597 346 146 53 105
391 231 101 56 59
195 106 46 11 43
443 318 47 24 78
239 150 54 34 35
354 213 74 34 67
296 180 60 35 56
279 162 66 28 51
779 468 199 99 112
751 452 197 95 102
688 408 162 63 118
285 178 61 45 46
278 163 71 26 44
510 309 135 66 66
210 131 49 21 30
348 277 29 27 42
253 182 42 16 29
507 330 79 8 98
984 658 183 106 143
990 671 199 117 120
846 524 198 124 124
979 643 143 51 193
773 476 181 115 116
386 266 59 30 61
263 178 49 31 36
590 373 86 26 131
451 275 115 61 61
841 513 209 119 119
133 97 22 12 14
133 97 22 12 14
147 90 33 23 24
147 90 33 23 24
293 211 45 34 37
811 492 210 107 109
637 463 74 50 100
469 328 86 24 55
882 637 147 98 98
579 341 163 70 75
345 204 83 35 58
677 422 159 80 96
459 281 99 40 79
727 505 101 32 121
323 190 88 39 45
517 399 53 65 65
368 236 69 62 63
515 300 116 38 99
515 300 116 38 99
515 356 74 78 85
515 346 91 76 78
515 351 84 79 80
256 152 63 33 41
984 687 120 62 177
330 203 80 45 47
795 482 201 105 112
403 297 52 23 54
379 227 92 40 60
776 487 176 107 113
798 493 188 113 117
979 687 166 116 126
787 487 185 115 115
823 578 142 97 103
846 506 193 91 147
181 102 54 21 25
402 275 79 37 48
934 586 205 128 143
483 320 79 21 84
326 237 43 32 46
490 347 82 61 61
241 178 43 20 20
325 188 72 24 65
356 227 72 55 57
651 445 107 69 99
452 268 111 52 73
668 375 191 63 102
507 361 73 60 73
505 352 77 48 76
864 535 208 121 121
253 185 37 22 31
502 350 97 55 55
890 578 199 91 113
781 487 178 113 116
484 319 90 48 75
988 611 227 139 150
593 431 73 44 89
374 273 50 44 51
935 558 229 102 148
242 177 37 28 28
843 513 198 101 132
939 617 191 131 131
869 539 198 107 132
875 543 192 107 140
438 269 96 65 73
787 464 190 78 133
869 532 219 104 118
336 231 54 51 51
778 466 208 98 104
499 328 107 62 64
234 168 38 20 28
366 270 53 43 43
964 574 247 106 143
440 267 109 57 64
156 108 16 6 32
776 467 207 102 102
930 580 223 127 127
894 547 211 106 136
683 448 114 41 121
293 218 40 21 35
746 476 161 86 109
692 433 160 98 99
695 423 181 80 91
215 147 38 30 30
987 713 122 50 152
635 372 134 43 129
342 248 33 25 61
411 227 101 31 83
249 150 59 28 40
811 480 216 85 115
895 536 225 111 134
444 295 79 68 70
379 265 64 22 50
236 161 44 25 31
992 740 123 100 129
990 674 165 102 151
258 168 53 11 37
180 103 44 22 33
352 207 73 30 72
217 123 51 14 43
852 595 101 43 156
397 240 89 42 68
334 201 82 38 51
351 236 55 27 60
778 532 123 45 123
442 265 106 46 71
825 501 188 78 136
355 253 47 28 55
740 458 172 110 110
616 430 87 41 99
754 485 167 102 102
221 127 67 26 27
290 191 62 31 37
291 170 82 29 39
213 127 38 18 48
808 492 199 111 117
235 131 80 21 24
291 189 51 20 51
430 300 54 18 76
775 585 96 52 94
936 581 225 130 130
190 120 41 29 29
494 302 119 58 73
389 279 63 20 47
331 235 51 25 45
263 154 65 30 44
762 464 197 97 101
652 396 152 81 104
838 591 121 53 126
292 201 53 34 38
492 336 90 66 66
889 574 185 130 130
847 535 181 85 131
411 244 107 51 60
417 294 61 36 62
748 461 172 89 115
892 545 221 116 126
769 492 109 49 168
264 185 28 8 51
157 118 22 9 17
514 314 129 70 71
533 323 135 73 75
688 435 102 36 151
783 485 178 105 120
916 610 172 100 134
706 447 145 63 114
371 226 95 49 50
382 250 53 28 79
787 520 94 33 173
692 464 94 46 134
302 176 68 20 58
994 644 118 39 232
336 222 75 39 39
592 352 161 63 79
781 473 194 90 114
225 167 30 27 28
773 531 98 35 144
952 577 233 131 142
773 532 97 35 144
771 519 112 34 140
343 222 63 21 58
343 222 63 21 58
939 705 114 67 120
939 705 114 67 120
939 701 119 66 119
946 711 115 72 120
939 705 114 67 120
153 83 29 8 41
142 79 32 10 31
716 484 104 79 128
736 483 105 58 148
361 254 46 15 61
136 101 20 11 15
753 470 164 111 119
881 519 239 98 123
590 429 83 60 78
595 405 102 88 88
736 450 169 90 117
668 458 94 51 116
668 458 94 51 116
209 155 28 12 26
600 425 84 46 91
601 427 82 48 92
600 426 82 47 92
600 425 84 46 91
600 425 84 46 91
642 388 163 91 91
642 388 163 91 91
180 137 25 10 18
180 137 25 10 18
191 110 55 23 26
180 137 25 10 18
191 110 55 23 26
191 110 55 23 26
191 110 55 23 26
194 114 55 24 25
401 259 70 29 72
772 462 206 94 104
886 549 209 122 128
725 535 112 76 78
294 178 71 40 45
772 474 188 100 110
514 355 93 66 66
477 343 60 35 74
764 523 121 66 120
506 358 71 29 77
906 551 235 105 120
666 407 167 69 92
724 440 194 84 90
189 117 45 27 27
803 481 220 102 102
215 148 36 31 31
148 88 35 17 25
660 398 166 86 96
535 314 154 67 67
961 686 141 68 134
673 446 110 32 117
781 528 152 93 101
998 594 285 116 119
406 293 52 44 61
341 198 82 37 61
927 588 132 30 207
597 377 75 22 145
229 143 53 32 33
428 321 53 35 54
903 548 238 117 117
578 399 101 76 78
389 267 72 50 50
535 373 66 17 96
462 274 127 56 61
655 385 162 67 108
616 369 167 79 80
292 176 62 24 54
303 195 66 26 42
804 514 124 42 166
593 418 86 55 89
500 297 126 46 77
543 321 158 62 64
849 622 116 66 111
964 599 219 141 146
933 559 203 101 171
222 142 41 36 39
145 77 46 8 22
769 460 167 66 142
586 366 140 79 80
342 223 73 28 46
494 308 111 73 75
210 123 64 18 23
800 486 204 110 110
521 376 71 42 74
525 323 123 72 79
557 379 67 30 111
784 473 183 93 128
550 338 131 72 81
371 232 90 45 49
849 521 216 112 112
759 455 201 92 103
460 274 105 51 81
978 622 206 97 150
787 481 189 104 117
536 325 122 70 89
357 283 48 26 26
611 363 158 68 90
931 562 219 107 150
703 498 111 36 94
712 497 129 75 86
703 480 126 57 97
473 340 62 31 71
473 349 67 38 57
682 459 114 51 109
499 352 76 28 71
283 212 37 21 34
889 545 217 122 127
653 484 71 40 98
662 493 73 48 96
661 488 73 39 100
644 476 71 37 97
655 489 73 48 93
655 487 73 45 95
700 467 102 131 131
447 300 73 65 74
415 284 58 21 73
778 476 192 104 110
196 143 20 18 33
401 252 85 63 64
189 110 59 18 20
988 677 125 46 186
871 514 247 106 110
440 296 56 20 88
999 554 259 67 186
366 238 65 19 63
961 577 251 130 133
964 576 256 131 132
541 318 141 69 82
611 357 151 64 103
275 155 83 32 37
813 490 212 107 111
352 208 96 41 48
768 486 168 82 114
286 208 43 28 35
308 223 40 17 45
733 442 192 87 99
669 401 156 70 112
661 407 144 90 110
699 439 151 106 109
806 545 129 92 132
464 335 60 30 69
897 535 198 88 164
581 353 156 72 72
586 370 124 92 92
529 351 116 46 62
853 516 210 124 127
896 586 197 113 113
799 483 211 103 105
803 560 123 87 120
754 447 169 67 138
711 518 109 82 84
529 404 71 44 54
155 85 44 14 26
392 240 88 39 64
264 182 51 18 31
387 272 68 21 47
272 205 34 27 33
744 452 184 105 108
733 454 166 65 113
759 484 148 89 127
187 118 41 25 28
850 523 179 106 148
799 464 186 64 149
794 476 198 108 120
485 356 65 38 64
482 298 114 55 70
146 86 27 10 33
361 228 63 23 70
951 596 207 143 148
575 343 152 68 80
332 247 51 28 34
470 298 98 73 74
359 208 94 37 57
796 490 200 97 106
418 287 68 27 63
911 639 154 101 118
768 543 131 78 94
639 416 138 74 85
515 335 100 38 80
497 319 85 30 93
493 347 65 28 81
783 459 208 90 116
232 158 43 17 31
243 155 51 21 37
969 579 245 117 145
301 175 90 36 36
636 371 157 61 108
169 126 13 11 30
775 538 120 76 117
207 129 48 25 30
606 407 100 57 99
779 474 184 88 121
605 399 114 59 92
894 572 170 90 152
657 402 145 78 110
321 194 73 26 54
455 274 116 62 65
255 163 47 45 45
166 103 39 22 24
204 115 58 27 31
744 505 118 38 121
819 592 123 58 104
414 241 112 35 61
187 161 10 14 16
986 646 186 126 154
776 491 183 92 102
970 632 194 120 144
396 236 103 44 57
986 597 253 118 136
450 274 113 63 63
276 156 73 23 47
154 98 35 15 21
685 466 80 14 139
800 534 150 113 116
682 428 157 97 97
653 400 143 81 110
323 212 55 22 56
355 257 47 35 51
355 257 47 35 51
355 254 50 35 51
355 254 50 35 51
355 257 47 35 51
354 210 88 39 56
354 208 94 35 52
377 228 99 50 50
201 122 42 26 37
878 537 197 122 144
599 364 152 80 83
177 110 42 21 25
151 102 28 18 21
253 175 24 9 54
571 344 141 67 86
850 608 114 59 128
710 450 125 49 135
685 442 105 50 138
764 451 196 84 117
172 110 33 24 29
106 70 22 7 14
758 499 125 54 134
371 227 87 48 57
177 124 23 8 30
690 496 81 49 113
258 165 56 12 37
991 713 133 43 145
991 713 133 43 145
206 125 47 27 34
223 171 18 13 34
657 452 99 43 106
463 331 49 36 83
723 431 185 80 107
1000 622 245 128 133
267 191 46 25 30
686 385 185 59 116
887 565 198 112 124
700 413 190 94 97
489 318 100 53 71
440 269 102 54 69
412 267 78 40 67
724 426 154 79 144
188 116 41 7 31
918 560 218 132 140
276 160 81 35 35
999 610 246 124 143
999 610 246 124 143
540 323 140 57 77
446 299 89 56 58
280 167 71 32 42
620 366 147 66 107
688 393 201 59 94
889 544 189 108 156
965 586 248 131 131
216 131 45 20 40
720 529 92 62 99
725 535 95 67 95
721 532 94 67 95
726 529 103 66 94
725 529 102 66 94
310 217 49 23 44
643 376 184 83 83
995 612 243 131 140
651 470 97 41 84
575 348 153 74 74
735 425 199 76 111
816 475 216 78 125
874 610 119 70 145
555 412 52 33 91
606 437 60 36 109
862 595 124 62 143
843 578 140 62 125
892 629 144 90 119
318 221 46 26 51
184 109 52 18 23
400 228 116 37 56
157 107 33 14 17
707 501 114 59 92
690 406 162 56 122
274 165 56 27 53
188 110 53 22 25
152 84 42 13 26
588 359 127 75 102
575 416 65 47 94
591 356 138 60 97
637 453 83 40 101
690 487 93 44 110
641 456 84 40 101
641 456 89 35 96
218 152 33 30 33
221 143 40 17 38
626 386 150 89 90
313 198 69 46 46
449 324 70 45 55
239 159 46 30 34
778 495 191 89 92
923 547 238 113 138
928 596 202 83 130
928 595 206 80 127
654 471 109 74 74
291 191 53 34 47
308 210 56 26 42
996 599 259 127 138
924 600 158 89 166
511 357 98 47 56
748 466 176 98 106
569 430 56 44 83
218 142 39 18 37
199 124 40 34 35
100 82 8 5 10
811 471 234 92 106
893 524 220 94 149
899 522 240 99 137
897 518 260 111 119
124 77 24 6 23
499 335 95 69 69
522 309 133 52 80
532 320 142 64 70
885 618 156 61 111
691 441 101 45 149
201 123 49 23 29
630 412 100 27 118
197 146 26 25 25
239 182 32 24 25
859 507 235 97 117
250 155 42 26 53
865 527 212 104 126
257 144 72 21 41
970 640 185 119 145
795 478 175 89 142
671 438 89 20 144
923 669 121 133 133
543 376 91 69 76
748 446 162 71 140
969 580 230 101 159
847 511 206 108 130
228 163 18 7 47
267 207 24 24 36
122 95 14 4 13
124 97 14 4 13
949 585 130 48 234
504 288 146 56 70
268 177 57 30 34
221 137 48 33 36
981 621 204 98 156
503 293 145 62 65
380 232 91 55 57
730 437 187 98 106
463 306 63 55 94
311 197 70 44 44
392 258 88 41 46
457 348 55 54 54
368 230 83 55 55
810 507 168 119 135
728 450 165 113 113
241 159 53 28 29
894 640 159 71 95
257 153 71 33 33
671 490 88 42 93
649 476 82 38 91
640 466 91 40 83
792 484 204 100 104
377 245 81 34 51
340 227 73 36 40
360 214 97 49 49
882 529 232 108 121
101 81 10 9 10
270 175 54 41 41
665 388 162 49 115
921 556 247 114 118
161 97 34 16 30
489 296 126 67 67
332 262 33 22 37
406 247 91 54 68
829 546 125 27 158
621 464 75 37 82
176 108 29 19 39
201 137 38 26 26
746 464 160 97 122
789 461 196 76 132
711 484 90 35 137
842 513 186 104 143
859 500 214 81 145
566 408 88 50 70
303 181 86 35 36
244 151 51 27 42
921 553 231 109 137
796 537 79 47 180
318 228 54 36 36
344 204 88 47 52
638 400 141 92 97
685 399 188 71 98
495 347 81 65 67
538 330 123 56 85
544 342 125 73 77
510 303 124 39 83
577 386 109 53 82
499 297 127 41 75
509 300 119 38 90
176 131 24 12 21
858 527 192 113 139
391 291 57 38 43
400 268 58 29 74
794 485 172 94 137
850 542 176 76 132
814 501 197 116 116
334 203 78 38 53
368 257 54 18 57
892 549 205 101 138
225 135 65 25 25
983 714 144 76 125
733 496 103 56 134
746 440 198 91 108
686 463 81 28 142
578 342 153 64 83
678 442 84 13 152
153 102 31 16 20
523 374 87 60 62
547 400 82 62 65
276 169 72 34 35
811 598 95 47 118
331 229 45 14 57
616 387 139 90 90
390 295 52 32 43
785 469 208 100 108
345 242 52 47 51
188 109 46 22 33
281 185 56 36 40
879 592 135 61 152
187 135 28 18 24
497 329 50 14 118
940 562 213 94 165
464 276 129 59 59
170 132 16 12 22
170 104 43 23 23
650 402 151 84 97
971 588 234 108 149
200 141 32 27 27
143 115 13 15 15
544 366 69 29 109
269 160 67 40 42
190 133 30 5 27
538 369 100 60 69
807 480 195 102 132
783 483 167 99 133
723 494 115 53 114
206 155 27 21 24
399 253 93 53 53
771 551 97 68 123
135 80 31 11 24
623 443 69 41 111
792 472 196 84 124
812 618 76 95 118
205 133 40 15 32
490 304 113 70 73
250 182 25 14 43
220 143 27 12 50
524 371 66 35 87
669 414 154 93 101
611 433 86 31 92
920 588 156 96 176
962 586 141 35 235
881 572 130 38 179
917 607 140 56 170
890 582 133 43 175
873 562 139 32 172
883 537 222 116 124
186 146 15 25 25
443 324 66 41 53
297 211 44 31 42
337 256 48 28 33
318 186 82 32 50
822 535 136 56 151
955 715 128 110 112
183 151 14 16 18
242 177 32 26 33
675 480 78 40 117
443 274 107 60 62
550 325 139 58 86
860 597 127 95 136
312 219 49 26 44
775 471 195 103 109
910 535 242 98 133
906 593 140 71 173
987 602 242 119 143
169 101 40 23 28
183 133 20 26 30
264 196 34 19 34
264 196 34 19 34
264 196 34 19 34
248 151 62 30 35
248 151 62 30 35
477 282 129 63 66
781 459 190 80 132
982 603 241 129 138
976 616 213 144 147
954 624 157 76 173
964 609 165 47 190
950 611 148 58 191
923 596 145 62 182
242 168 50 18 24
388 248 87 53 53
157 100 33 24 24
212 150 41 20 21
335 214 72 35 49
890 652 147 91 91
659 396 170 88 93
522 324 117 65 81
185 118 39 27 28
240 175 40 17 25
833 479 214 68 140
920 679 124 92 117
600 451 68 37 81
601 446 74 39 81
601 448 74 36 79
388 236 95 43 57
942 613 208 121 121
934 569 230 121 135
912 575 189 93 148
659 442 122 87 95
783 531 102 42 150
583 357 132 58 94
624 366 178 79 80
836 508 204 105 124
860 628 130 102 102
451 262 129 60 60
499 294 119 52 86
440 249 120 46 71
550 391 66 36 93
882 635 134 96 113
251 150 67 27 34
824 476 238 92 110
492 299 106 66 87
745 431 132 42 182
484 366 54 39 64
127 102 12 5 13
800 514 170 99 116
312 175 93 29 44
105 71 20 13 14
858 606 112 47 140
235 144 63 28 28
429 263 92 54 74
342 199 91 27 52
445 298 70 43 77
866 645 117 79 104
687 407 186 76 94
561 411 72 69 78
218 136 54 28 28
218 136 54 28 28
218 136 54 28 28
328 224 60 34 44
328 224 60 34 44
574 398 66 30 110
773 466 199 90 108
605 407 117 81 81
979
773 181 25 270
878
545 149 184 49
169
131 33 5 17
650
508 123 19 142
375
275 75 25 60
747
550 147 50 103
593
440 116 37 111
768
586 136 46 208
637
493 124 20 170
981
735 191 55 288
562
419 111 32 73
239
178 45 16 26
216
147 43 26 33
174
111 38 25 14
409
326 63 20 54
292
233 43 16 60
571
388 123 60 78
118
96 11 11 21
808
637 127 44 150
536
381 117 38 71
534
422 94 18 111
253
189 49 15 43
760
529 142 89 103
638
427 167 44 95
332
265 52 15 47
375
298 61 16 54
470
353 81 36 58
332
265 52 15 47
332
265 52 15 47
388
308 64 16 55
856
629 174 53 237
540
381 99 60 68
486
348 93 45 61
671
458 139 74 82
548
394 79 75 79
125
84 29 12 10
317
247 52 18 72
994
771 188 35 224
317
248 57 12 38
243
166 50 27 35
126
93 24 9 13
658
427 158 73 68
828
523 221 84 93
162
128 21 13 20
964
754 167 43 199
440
319 94 27 70
430
316 99 15 73
423
307 98 18 77
433
309 102 22 69
258
207 33 18 44
743
481 179 83 103
794
595 158 41 242
233
187 38 8 41
690
482 163 45 152
788
547 177 64 179
863
556 215 92 95
348
272 58 18 48
329
247 57 25 36
886
701 144 41 157
760
603 130 27 145
987
634 239 114 120
785
482 211 92 79
291
240 33 18 44
291
240 33 18 44
291
241 33 17 43
291
240 33 18 44
291
240 33 18 44
290
223 48 19 45
228
175 36 17 33
331
236 66 29 54
522
394 95 33 63
839
648 118 73 106
713
517 137 59 145
734
516 155 63 117
801
561 153 87 133
769
515 161 93 93
763
511 168 84 81
846
563 189 94 99
402
273 82 47 59
877
665 167 45 151
689
500 134 55 93
140
90 31 19 12
166
141 17 8 31
763
577 149 37 137
948
715 160 73 194
336
269 56 11 57
222
148 50 24 18
284
215 51 18 43
284
216 50 18 43
284
215 51 18 43
489
349 95 45 79
284
215 51 18 43
284
215 51 18 43
284
215 51 18 43
454
339 84 31 118
732
521 134 77 82
200
147 30 23 16
600
453 118 29 131
800
621 139 40 172
767
594 134 39 162
230
168 42 20 27
431
316 93 22 55
982
647 243 92 161
793
498 200 95 101
910
647 174 89 111
972
637 230 105 151
766
524 175 67 99
800
530 184 86 77
782
523 182 77 90
969
723 176 70 149
175
132 27 16 19
271
215 38 18 31
907
694 178 35 181
325
255 57 13 66
941
728 155 58 170
536
396 102 38 95
867
635 140 92 126
584
428 97 59 69
234
194 22 18 19
291
192 69 30 34
217
165 27 25 25
703
511 129 63 163
124
90 18 16 8
669
504 103 62 69
603
449 103 51 115
650
533 83 34 125
229
168 45 16 21
229
168 45 16 21
229
163 52 14 19
229
163 52 14 19
229
168 45 16 21
229
164 51 14 19
229
168 45 16 21
533
382 101 50 108
927
716 158 53 202
891
638 150 103 94
385
304 52 29 49
386
303 51 32 46
386
303 51 32 46
385
304 52 29 49
386
303 51 32 46
386
303 51 32 46
391
299 56 36 45
388
300 63 25 69
278
218 51 9 36
188
141 36 11 24
841
612 146 83 91
743
576 111 56 107
736
572 109 55 107
758
581 111 66 107
737
574 111 52 114
173
132 24 17 24
782
588 125 69 134
809
514 198 97 102
721
593 76 52 83
615
459 92 64 88
615
459 95 61 85
263
186 27 50 16
410
270 67 73 17
240
184 40 16 47
790
490 183 117 82
791
507 180 104 110
503
373 80 50 53
807
514 214 79 82
835
654 151 30 174
169
149 18 2 26
230
180 42 8 34
910
659 169 82 126
767
572 139 56 110
256
187 46 23 31
748
527 155 66 118
638
453 129 56 90
838
584 158 96 128
503
358 98 47 63
700
486 144 70 89
469
337 80 52 55
557
388 106 63 61
459
330 81 48 53
544
383 103 58 63
461
331 80 50 51
561
410 126 25 157
471
351 91 29 58
195
129 44 22 17
737
557 133 47 138
540
409 99 32 93
550
421 97 32 111
415
311 69 35 85
406
307 69 30 86
522
384 94 44 105
411
310 66 35 85
703
474 135 94 94
463
354 79 30 116
144
114 23 7 24
452
302 108 42 67
854
554 226 74 115
194
141 37 16 15
982
679 162 141 102
336
268 61 7 48
196
161 28 7 32
519
408 65 46 67
622
383 140 99 49
985
739 160 86 108
165
131 22 12 12
392
270 93 29 50
900
692 166 42 178
754
552 121 81 80
143
92 33 18 10
637
481 119 37 126
319
261 39 19 38
355
246 85 24 60
251
199 37 15 84
384
268 87 29 56
511
390 99 22 145
750
486 189 75 114
884
594 211 79 150
545
385 119 41 91
578
408 121 49 93
435
320 92 23 85
910
702 159 49 146
768
488 179 101 106
757
607 95 55 116
783
631 97 55 125
775
496 190 89 109
252
166 65 21 24
250
170 57 23 38
754
502 162 90 133
971
691 156 124 84
138
111 15 12 10
493
364 81 48 51
792
618 115 59 101
932
701 151 80 109
778
607 113 58 98
880
680 132 68 125
760
495 207 58 98
566
400 129 37 94
597
401 134 62 68
391
258 87 46 55
195
128 50 17 21
443
341 73 29 79
239
150 43 46 14
354
245 87 22 55
296
208 66 22 48
279
191 62 26 36
779
584 126 69 101
751
582 135 34 177
688
454 155 79 98
285
207 48 30 31
278
203 52 23 26
510
382 91 37 74
210
133 34 43 15
348
284 38 26 37
253
187 55 11 29
507
401 98 8 118
984
688 213 83 172
990
675 217 98 145
846
600 176 70 133
979
740 193 46 207
773
490 202 81 90
386
279 79 28 55
263
180 54 29 36
590
453 110 27 154
451
315 87 49 54
841
518 191 132 83
133
94 30 9 10
133
94 30 9 10
147
108 30 9 10
147
108 30 9 10
293
210 54 29 35
811
639 135 37 179
637
498 88 51 100
469
349 93 27 55
882
624 173 85 84
579
399 108 72 42
345
254 57 34 35
677
452 149 76 91
459
315 96 48 73
727
565 131 31 127
323
237 53 33 26
517
394 63 60 41
368
241 67 60 40
515
345 75 95 36
515
345 75 95 36
515
345 75 95 36
515
345 75 95 36
515
345 75 95 36
256
186 52 18 25
984
766 160 58 188
330
253 47 30 36
795
532 168 95 103
403
323 64 16 63
379
292 56 31 50
776
624 103 49 83
798
566 158 74 86
979
682 188 109 118
787
560 157 70 88
823
576 163 84 104
846
593 178 75 91
181
145 23 13 25
402
272 87 43 37
934
698 155 81 95
483
363 97 23 87
326
236 64 26 38
490
341 92 57 55
241
176 47 18 17
325
241 49 35 46
356
264 63 29 34
651
452 137 62 88
452
332 81 39 68
668
458 148 62 87
507
357 102 48 64
505
355 103 47 64
864
605 140 119 73
253
185 51 17 26
502
341 114 47 44
890
576 233 81 101
781
487 204 90 78
484
329 109 46 72
988
727 168 93 97
593
449 101 43 83
374
276 65 33 58
935
678 193 64 147
242
172 47 23 23
843
541 210 92 101
939
588 223 128 93
869
680 135 54 136
875
683 139 53 137
438
300 95 43 75
787
505 192 90 104
869
537 208 124 83
336
229 52 55 30
778
501 181 96 109
499
326 110 63 49
234
173 44 17 26
366
266 60 40 37
964
662 204 98 179
440
337 86 17 78
156
123 27 6 30
776
555 165 56 201
930
651 206 73 153
894
639 202 53 170
683
501 140 42 132
293
226 48 19 33
746
498 183 65 139
692
524 140 28 116
695
499 154 42 180
215
147 36 32 22
987
792 152 43 176
635
473 133 29 121
342
269 49 24 67
411
306 78 27 62
249
179 47 23 39
811
539 200 72 126
895
577 211 107 120
444
285 90 69 54
379
284 74 21 57
236
163 50 23 33
992
755 146 91 125
990
690 194 106 148
258
182 65 11 43
180
139 14 27 12
352
265 71 16 64
217
163 42 12 32
852
658 155 39 179
397
308 66 23 65
334
235 77 22 56
351
249 79 23 61
778
573 162 43 123
442
327 83 32 80
825
615 129 81 84
355
269 59 27 58
740
584 108 48 91
616
459 107 50 103
754
482 176 96 103
221
150 47 24 31
290
196 59 35 42
291
193 51 47 35
213
140 37 36 23
808
688 105 15 260
235
180 32 23 23
291
201 66 24 49
430
334 80 16 79
775
611 110 54 99
936
620 201 115 117
190
153 27 10 29
494
386 81 27 92
389
294 76 19 47
331
247 61 23 46
263
215 33 15 43
762
607 133 22 195
652
516 98 38 121
838
635 150 53 131
292
200 66 26 38
492
323 117 52 53
889
561 189 139 92
847
553 205 89 130
411
269 90 52 49
417
309 74 34 71
748
486 194 68 118
892
666 188 38 234
769
552 156 61 197
264
220 35 9 65
157
123 24 10 16
514
366 116 32 88
533
370 118 45 82
688
518 129 41 164
783
519 200 64 131
916
620 210 86 132
706
500 152 54 161
371
254 74 43 41
382
278 85 19 78
787
609 157 21 192
692
530 117 45 161
302
245 44 13 55
994
785 160 49 304
336
226 76 34 47
592
452 101 39 98
781
568 165 48 118
225
167 45 13 26
773
605 126 42 161
952
725 176 51 197
773
606 125 42 161
771
588 154 29 147
343
241 87 15 55
343
240 88 15 55
939
733 138 68 129
939
733 138 68 129
939
729 143 67 128
946
736 139 71 129
939
733 138 68 129
153
123 20 10 20
142
95 26 21 4
716
517 136 63 147
736
519 150 67 131
361
288 61 12 66
136
106 20 10 18
753
548 147 58 96
881
687 139 55 148
590
429 104 57 72
595
397 112 86 81
736
491 181 64 128
668
500 130 38 121
668
500 130 38 121
209
164 38 7 31
600
455 105 40 91
601
456 103 42 92
600
456 103 41 92
600
455 105 40 91
600
455 105 40 91
642
487 108 47 93
642
487 108 47 93
180
144 27 9 19
180
144 27 9 19
191
150 31 10 23
180
144 27 9 19
191
150 31 10 23
191
150 31 10 23
191
150 31 10 23
194
150 32 12 20
401
304 76 21 84
772
491 183 98 110
886
683 176 27 220
725
522 134 69 63
294
228 42 24 34
772
505 188 79 103
514
347 107 60 58
477
358 82 37 70
764
542 152 70 112
506
379 89 38 75
906
644 196 66 233
666
489 123 54 91
724
538 130 56 117
189
151 22 16 14
803
543 179 81 137
215
145 41 29 29
148
103 29 16 21
660
518 123 19 159
535
356 124 55 68
961
730 176 55 139
673
497 140 36 138
781
520 173 88 85
998
618 254 126 98
406
298 74 34 55
341
232 66 43 47
927
730 170 27 242
597
465 108 24 168
229
184 33 12 31
428
329 73 26 48
903
718 151 34 207
578
388 124 66 69
389
262 86 41 47
535
449 71 15 134
462
319 111 32 74
655
449 156 50 98
616
408 158 50 77
292
237 48 7 47
303
219 73 11 67
804
596 165 43 186
593
434 103 56 84
500
391 88 21 105
543
407 96 40 60
849
642 143 64 114
964
638 238 88 155
933
640 200 93 92
222
155 36 31 19
145
107 30 8 31
769
508 187 74 109
586
452 102 32 153
342
228 75 39 40
494
367 78 49 54
210
138 41 31 23
800
510 187 103 89
521
390 96 35 73
525
364 106 55 66
557
440 84 33 127
784
500 186 98 100
550
434 93 23 141
371
293 51 27 25
849
656 130 63 107
759
561 161 37 181
460
302 122 36 55
978
622 248 108 119
787
510 173 104 108
536
386 94 56 84
357
279 53 25 18
611
463 113 35 110
931
605 251 75 107
703
544 118 41 109
712
511 105 96 104
703
506 134 63 101
473
366 74 33 71
473
356 83 34 54
682
500 131 51 109
499
372 99 28 71
283
227 40 16 43
889
650 182 57 169
653
521 100 32 96
662
525 101 36 95
661
528 101 32 100
644
514 100 30 95
655
521 102 32 95
655
522 102 31 97
700
459 84 157 59
447
293 36 118 29
415
319 78 18 80
778
585 115 78 72
196
153 25 18 35
401
276 75 50 66
189
143 27 19 24
988
776 170 42 200
871
570 208 93 135
440
350 69 21 104
999
624 251 124 101
366
257 85 24 59
961
688 171 102 122
964
678 188 98 115
541
399 88 54 67
611
449 101 61 83
275
226 32 17 34
813
594 116 103 49
352
255 61 36 26
768
503 192 73 122
286
210 55 21 34
308
233 57 18 39
733
510 168 55 122
669
522 114 33 120
661
538 102 21 155
699
522 149 28 220
806
561 171 74 140
464
356 77 31 64
897
671 154 72 125
581
454 98 29 103
586
412 114 60 61
529
357 122 50 62
853
524 206 123 80
896
568 223 105 105
799
516 201 82 109
803
575 149 79 115
754
574 140 40 149
711
509 116 86 70
529
408 83 38 48
155
117 29 9 21
392
314 56 22 83
264
195 51 18 35
387
291 76 20 48
272
206 44 22 29
744
497 173 74 124
733
483 187 63 128
759
490 189 80 120
187
139 33 15 26
850
560 226 64 122
799
531 198 70 108
794
522 209 63 122
485
366 89 30 61
482
352 96 34 64
146
107 23 16 15
361
258 79 24 76
951
754 147 50 212
575
409 96 70 140
332
248 53 31 31
470
374 75 21 63
359
282 60 17 72
796
489 162 145 81
418
314 80 24 69
911
638 158 115 103
768
550 145 73 96
639
421 151 67 87
515
360 120 35 80
497
361 104 32 95
493
375 83 35 86
783
501 132 150 51
232
167 50 15 33
243
166 52 25 37
969
623 245 101 134
301
253 38 10 109
636
486 110 40 207
169
139 22 8 35
775
560 154 61 121
207
155 35 17 36
606
426 124 56 101
779
502 188 89 109
605
412 133 60 89
894
596 215 83 153
657
522 97 38 92
321
235 57 29 38
455
323 78 54 59
255
193 45 17 29
166
105 32 29 10
204
163 27 14 28
744
567 141 36 138
819
607 163 49 95
414
318 60 36 45
187
162 17 8 14
986
639 241 106 134
776
488 202 86 96
970
621 243 106 123
396
292 75 29 78
986
655 238 93 153
450
327 78 45 82
276
217 47 12 35
154
95 27 32 7
685
538 126 21 156
800
525 90 185 41
682
526 134 22 155
653
516 102 35 147
323
231 71 21 56
355
263 57 35 48
355
263 57 35 48
355
260 60 35 48
355
260 60 35 48
355
263 57 35 48
354
258 61 35 48
354
262 57 35 48
377
263 83 31 59
201
155 39 7 37
878
579 216 83 126
599
458 90 51 84
177
121 38 18 27
151
102 34 15 18
253
205 42 6 60
571
406 113 52 61
850
652 138 60 133
710
513 133 64 154
685
509 129 47 162
764
486 169 109 101
172
148 17 7 19
106
73 30 3 13
758
545 132 81 135
371
268 76 27 57
177
143 27 7 33
690
539 108 43 115
258
181 65 12 45
991
787 160 44 149
991
787 160 44 149
206
143 36 27 28
223
187 18 18 34
657
487 121 49 110
463
355 78 30 84
723
524 140 59 118
1000
743 187 70 271
267
193 51 23 30
686
467 143 76 120
887
572 184 131 129
700
478 137 85 120
489
347 102 40 105
440
297 93 50 59
412
301 66 45 96
724
493 145 86 129
188
130 48 10 32
918
661 173 84 191
276
201 59 16 45
999
762 148 89 157
999
762 148 89 157
540
367 117 56 87
446
290 109 47 49
280
209 50 21 55
620
410 134 76 63
688
519 126 43 127
889
689 149 51 185
965
620 259 86 131
216
157 42 17 33
720
544 119 57 103
725
546 119 60 101
721
545 120 56 102
726
539 131 56 97
725
540 129 56 98
310
229 55 26 46
643
457 130 56 75
995
674 231 90 132
651
499 116 36 83
575
396 125 54 100
735
568 123 44 103
816
602 161 53 123
874
655 158 61 143
555
449 74 32 95
606
488 83 35 115
862
647 160 55 144
843
614 173 56 129
892
636 170 86 111
318
247 55 16 57
184
142 32 10 20
400
307 65 28 51
157
122 26 9 43
707
523 127 57 92
690
538 120 32 137
274
212 49 13 30
188
132 42 14 22
152
117 29 6 39
588
449 88 51 89
575
447 85 43 102
591
388 121 82 80
637
485 108 44 101
690
523 118 49 112
641
488 109 44 101
641
489 112 40 97
218
158 31 29 39
221
155 48 18 40
626
472 122 32 138
313
238 69 6 93
449
333 71 45 55
239
149 49 41 13
778
496 203 79 104
923
613 220 90 127
928
621 231 76 123
928
624 225 79 126
654
460 126 68 58
291
198 62 31 44
308
212 68 28 36
996
653 230 113 143
924
639 203 82 175
511
356 96 59 47
748
539 129 80 75
569
460 71 38 85
218
155 46 17 44
199
157 26 16 24
100
86 11 3 12
811
549 186 76 123
893
586 214 93 126
899
603 206 90 136
897
563 215 119 92
124
89 27 8 26
499
313 86 100 29
522
389 82 51 56
532
393 86 53 62
885
643 188 54 112
691
483 166 42 142
201
126 43 32 12
630
417 127 86 70
197
140 37 20 16
239
184 29 26 27
859
621 153 85 103
250
201 31 18 34
865
650 172 43 150
257
171 50 36 25
970
638 193 139 133
795
552 185 58 148
671
542 100 29 187
923
653 152 118 115
543
368 115 60 65
748
558 144 46 163
969
724 169 76 142
847
615 147 85 116
228
195 23 10 54
267
216 29 22 35
122
105 11 6 17
124
107 11 6 17
949
701 191 57 301
504
356 110 38 53
268
174 50 44 19
221
174 37 10 22
981
639 240 102 147
503
349 91 63 105
380
294 64 22 118
730
496 171 63 151
463
327 82 54 99
311
195 82 34 19
392
257 92 43 41
457
341 67 49 46
368
253 85 30 62
810
519 194 97 113
728
578 118 32 135
241
155 60 26 21
894
643 193 58 83
257
191 41 25 32
671
518 108 45 95
649
503 107 39 91
640
485 110 45 87
792
509 191 92 108
377
268 90 19 77
340
223 81 36 35
360
244 80 36 49
882
561 222 99 95
101
80 14 7 8
270
205 49 16 40
665
487 122 56 89
921
674 194 53 188
161
105 29 27 16
489
321 101 67 65
332
272 37 23 38
406
292 80 34 73
829
611 163 55 151
621
497 87 37 86
176
129 30 17 13
201
128 41 32 11
746
588 121 37 170
789
613 143 33 182
711
556 126 29 151
842
546 188 108 109
859
559 196 104 115
566
412 112 42 66
303
248 38 17 45
244
178 48 18 35
921
704 154 63 106
796
508 192 96 99
318
225 60 33 32
344
229 83 32 40
638
465 115 58 93
685
488 126 71 98
495
342 84 69 58
538
404 101 33 91
544
402 95 47 90
510
386 98 26 89
577
392 116 69 72
499
377 97 25 90
509
386 98 25 97
176
136 28 12 21
858
570 202 86 138
391
289 70 32 38
400
298 76 26 80
794
539 170 85 102
850
568 212 70 132
814
512 149 153 83
334
245 60 29 62
368
283 69 16 62
892
694 168 30 201
225
182 30 13 32
983
735 171 77 118
733
539 148 46 126
746
533 145 68 101
686
541 116 29 154
578
401 117 60 66
678
549 118 11 188
153
110 31 12 32
523
372 94 57 59
547
396 88 63 52
276
197 57 22 34
811
633 124 54 114
331
260 58 13 63
616
475 104 37 130
390
300 60 30 40
785
487 164 134 78
345
238 68 39 44
188
139 39 10 18
281
202 58 21 61
879
654 168 57 152
187
138 31 18 26
497
407 78 12 143
940
663 151 126 107
464
329 79 56 72
170
138 20 12 21
170
138 20 12 21
650
485 125 40 93
971
725 158 88 96
200
138 36 26 21
143
113 17 13 13
544
431 89 24 126
269
211 35 23 55
190
154 27 9 35
538
376 115 47 82
807
615 132 60 109
783
602 127 54 105
723
520 154 49 116
206
155 29 22 24
399
250 98 51 46
771
572 139 60 114
135
86 29 20 7
623
485 106 32 123
792
489 199 104 78
812
612 119 81 102
205
145 46 14 39
490
359 85 46 76
250
201 37 12 43
220
173 37 10 57
524
403 89 32 91
669
495 125 49 112
611
473 106 32 100
920
622 213 85 174
962
724 194 44 282
881
672 166 43 215
917
683 180 54 199
890
676 168 46 209
873
668 169 36 216
883
659 171 53 186
186
146 14 26 18
443
326 82 35 51
297
211 60 26 40
337
257 51 29 32
318
217 59 42 18
822
590 171 61 163
955
697 154 104 107
183
152 16 15 17
242
175 42 25 28
675
531 106 38 121
443
320 74 49 55
550
448 71 31 106
860
624 146 90 142
312
225 64 23 41
775
617 128 30 145
910
714 152 44 291
906
670 187 49 197
987
788 167 32 275
169
114 41 14 23
183
129 30 24 19
264
204 43 17 34
264
204 43 17 34
264
204 43 17 34
248
188 43 17 34
248
188 43 17 34
477
371 84 22 99
781
516 130 135 74
982
682 230 70 186
976
681 232 63 179
954
684 204 66 197
964
680 174 110 183
950
689 204 57 213
923
667 201 55 200
242
171 52 19 24
388
292 61 35 45
157
120 22 15 18
212
152 42 18 23
335
240 71 24 89
890
642 166 82 82
659
417 109 133 40
522
404 91 27 175
185
145 22 18 10
240
182 42 16 24
833
566 150 117 130
920
680 160 80 110
600
488 76 36 86
601
480 84 37 85
601
481 86 34 83
388
294 59 35 47
942
584 245 113 83
934
626 211 97 167
912
577 217 118 102
659
424 151 84 63
783
607 137 39 163
583
422 104 57 72
624
419 151 54 93
836
636 133 67 84
860
619 142 99 80
451
315 89 47 62
499
354 101 44 79
440
306 74 60 57
550
429 91 30 117
882
640 152 90 111
251
201 28 22 23
824
573 161 90 99
492
404 60 28 79
745
585 118 42 129
484
379 74 31 60
127
107 12 8 16
800
495 199 106 75
312
228 66 18 73
105
68 22 15 4
858
673 138 47 157
235
180 40 15 23
429
339 59 31 69
342
232 69 41 50
445
319 81 45 80
866
646 146 74 98
687
497 131 59 89
561
409 92 60 72
218
154 36 28 15
218
154 36 28 15
218
154 36 28 15
328
218 59 51 23
328
218 59 51 23
574
455 85 34 121
773
592 144 37 144
605
407 130 68 88
