979 64
878 64
169 57
650 60
375 60
747 70
593 60
768 58
637 62
981 62
562 72
239 76
216 58
174 59
409 59
292 62
571 67
118 60
808 60
536 61
534 56
253 68
760 57
638 58
332 73
375 73
470 72
332 73
332 73
388 73
856 59
540 70
486 71
671 68
548 71
125 68
317 57
994 69
317 75
243 61
126 63
658 65
828 63
162 58
964 70
440 69
430 66
423 65
433 66
258 60
743 60
794 61
233 72
690 60
788 59
863 65
348 58
329 75
886 71
760 70
987 57
785 60
291 57
291 57
291 57
291 57
291 57
290 72
228 72
331 67
522 60
839 74
713 59
734 60
801 60
769 61
763 60
846 65
402 60
877 60
689 60
140 64
166 80
763 58
948 68
336 74
222 59
284 57
284 57
284 57
489 68
284 57
284 57
284 57
454 57
732 70
200 75
600 60
800 60
767 69
