979 627 229 123 123
878 569 185 124 124
169 98 51 20 20
650 390 176 84 84
375 225 101 49 49
747 528 123 96 96
593 357 159 77 77
768 451 227 90 90
637 396 152 89 89
981 618 239 124 124
562 407 90 65 65
239 183 25 31 31
216 126 61 29 29
174 104 45 25 25
409 244 113 52 52
292 183 64 45 45
571 384 109 78 78
118 71 30 17 17
808 485 219 104 104
536 331 133 72 72
534 303 160 71 71
253 174 56 23 23
760 440 231 89 89
638 375 180 83 83
332 245 46 41 41
375 275 54 46 46
470 343 65 62 62
332 245 46 41 41
332 245 46 41 41
388 285 56 47 47
856 513 230 113 113
540 378 97 65 65
486 348 79 59 59
671 458 135 78 78
548 393 79 76 76
125 85 27 13 13
317 182 92 43 43
994 691 156 147 147
317 238 44 35 35
243 149 56 38 38
126 80 28 18 18
658 429 156 73 73
828 527 205 96 96
162 95 48 19 19
964 676 146 142 142
440 304 74 62 62
430 288 79 63 63
423 279 77 67 67
433 290 81 62 62
258 157 68 33 33
743 451 202 90 90
794 488 206 100 100
233 169 32 32 32
690 419 187 84 84
788 470 216 102 102
863 565 195 103 103
348 203 105 40 40
329 247 45 37 37
886 633 134 119 119
760 535 122 103 103
987 569 290 128 128
785 471 207 107 107
291 167 89 35 35
291 167 89 35 35
291 167 89 35 35
291 167 89 35 35
291 167 89 35 35
290 209 40 41 41
228 165 33 30 30
331 225 69 37 37
522 318 139 65 65
839 626 110 103 103
713 426 197 90 90
734 442 196 96 96
801 481 222 98 98
769 472 185 112 112
763 464 191 108 108
846 556 197 93 93
402 242 114 46 46
877 532 232 113 113
689 419 176 94 94
140 90 34 16 16
166 133 10 23 23
763 449 225 89 89
948 645 172 131 131
336 250 35 51 51
222 133 60 29 29
284 162 86 36 36
284 162 86 36 36
284 162 86 36 36
489 336 89 64 64
284 162 86 36 36
284 162 86 36 36
284 162 86 36 36
454 259 139 56 56
732 518 133 81 81
200 151 26 23 23
600 361 156 83 83
800 481 214 105 105
767 534 113 120 120
